  0.400
  0.400
  0.700
  0.400
  0.700
  0.400
  0.700
  0.700
  0.700
  0.400
  0.500
  0.500
  0.500
  0.500
  0.500
  0.500
  0.000
  0.000
  0.000
  0.000
  0.000
  0.000
  0.000
  0.000
  0.000
  0.000
  0.000
  0.000
  0.000
  0.000
  0.000
  0.000
  0.000
  0.000
  0.000
  0.000
  0.000
  0.000
  0.000
  0.000
  0.000
  0.000
  0.000
  0.000
  0.000
  0.000
  0.000
  0.000
  0.000
  0.000
  0.000
  0.000
  0.000
  0.000
  0.000
  0.000
  0.000
  0.000
  0.000
  0.000
  0.000
  0.000
  0.000
  0.000
  0.000
  0.000
  0.000
  0.000
  0.000
  0.000
  0.000
  0.000
  0.000
  0.000
  0.000
  0.000
  0.000
  0.510
  0.500
  0.637
  0.689
  0.700
  0.690
  0.572
  0.534
  0.500
  0.509
  0.500
  0.500
  0.500
  0.500
  0.500
  0.500
  0.500
  0.500
  0.500
  0.500
  0.500
  0.500
  0.500
  0.700
  0.700
  0.651
  0.500
  0.500
  0.400
  0.400
  0.500
  0.500
  0.500
  0.500
  0.500
  0.500
  0.500
  0.500
  0.500
  0.579
  0.651
  0.700
  0.700
  0.700
  0.700
  0.700
  0.700
  0.700
  0.700
  0.646
  0.646
  0.646
  0.646
  0.300
  0.300
  0.634
  0.700
  0.700
  0.700
  0.700
  0.700
  0.700
  0.700
  0.700
  0.700
  0.700
  0.700
  0.700
  0.700
  0.700
  0.742
  0.747
  0.750
  0.750
  0.750
  0.750
  0.749
  0.697
  0.600
  0.600
  0.600
  0.600
  0.600
  0.669
  0.654
  0.654
  0.654
  0.648
  0.720
  0.750
  0.730
  0.600
  0.600
  0.600
  0.600
  0.600
  0.600
  0.600
  0.600
  0.600
  0.600
  0.600
  0.642
  0.750
  0.733
  0.729
  0.747
  0.750
  0.600
  0.600
  0.600
  0.600
  0.732
  0.750
  0.748
  0.900
  0.900
  0.900
  0.833
  0.754
  0.717
  0.711
  0.700
  0.702
  0.751
  0.796
  0.840
  0.826
  0.775
  0.700
  0.704
  0.723
  0.738
  0.742
  0.735
  0.721
  0.746
  0.863
  0.900
  0.900
  0.900
  0.900
  0.738
  0.735
  0.750
  0.750
  0.750
  0.745
  0.750
  0.736
  0.706
  0.667
  0.710
  0.750
  0.750
  0.750
  0.750
  0.700
  0.700
  0.700
  0.700
  0.680
  0.680
  0.680
  0.700
  0.759
  0.700
  0.700
  0.700
  0.700
  0.700
  0.700
  0.700
  0.700
  0.700
  0.500
  0.503
  0.500
  0.500
  0.500
  0.000
  0.000
  0.000
  0.000
  0.000
  0.000
  0.000
  0.000
  0.000
  0.000
  0.000
  0.000
  0.000
  0.000
  0.000
  0.000
  0.000
  0.000
  0.000
  0.000
  0.000
  0.000
  0.000
  0.000
  0.000
  0.000
  0.000
  0.000
  0.000
  0.000
  0.000
  0.000
  0.000
  0.000
  0.000
  0.000
  0.000
  0.000
  0.000
  0.000
  0.000
  0.000
  0.000
  0.000
  0.000
  0.000
  0.000
  0.000
  0.000
  0.000
  0.000
  0.000
  0.000
  0.000
  0.000
  0.000
  0.000
  0.000
  0.000
  0.000
  0.000
  0.500
  0.500
  0.510
  0.578
  0.672
  0.700
  0.700
  0.700
  0.679
  0.605
  0.596
  0.564
  0.540
  0.500
  0.500
  0.500
  0.500
  0.500
  0.500
  0.500
  0.500
  0.500
  0.500
  0.500
  0.502
  0.700
  0.700
  0.700
  0.507
  0.500
  0.400
  0.400
  0.500
  0.500
  0.500
  0.500
  0.500
  0.500
  0.500
  0.500
  0.500
  0.597
  0.681
  0.700
  0.700
  0.700
  0.700
  0.700
  0.700
  0.700
  0.700
  0.696
  0.700
  0.700
  0.700
  0.700
  0.640
  0.700
  0.700
  0.700
  0.700
  0.700
  0.700
  0.700
  0.700
  0.700
  0.700
  0.700
  0.700
  0.700
  0.700
  0.700
  0.737
  0.740
  0.750
  0.750
  0.750
  0.750
  0.750
  0.693
  0.600
  0.600
  0.600
  0.600
  0.624
  0.724
  0.687
  0.687
  0.687
  0.710
  0.750
  0.750
  0.713
  0.600
  0.600
  0.600
  0.600
  0.600
  0.600
  0.600
  0.600
  0.600
  0.600
  0.600
  0.668
  0.750
  0.750
  0.750
  0.750
  0.750
  0.600
  0.600
  0.600
  0.600
  0.705
  0.750
  0.736
  0.765
  0.867
  0.864
  0.799
  0.705
  0.703
  0.707
  0.700
  0.700
  0.700
  0.701
  0.751
  0.766
  0.745
  0.700
  0.700
  0.706
  0.725
  0.733
  0.728
  0.717
  0.702
  0.760
  0.878
  0.900
  0.900
  0.830
  0.747
  0.744
  0.750
  0.750
  0.750
  0.750
  0.750
  0.750
  0.709
  0.672
  0.750
  0.750
  0.750
  0.750
  0.750
  0.700
  0.700
  0.700
  0.700
  0.700
  0.500
  0.500
  0.736
  0.900
  0.766
  0.864
  0.700
  0.700
  0.700
  0.700
  0.700
  0.700
  0.700
  0.700
  0.500
  0.500
  0.500
  0.500
  0.500
  0.000
  0.000
  0.000
  0.000
  0.000
  0.000
  0.000
  0.000
  0.000
  0.000
  0.000
  0.000
  0.000
  0.000
  0.000
  0.000
  0.000
  0.000
  0.000
  0.000
  0.000
  0.000
  0.000
  0.000
  0.000
  0.000
  0.000
  0.000
  0.000
  0.000
  0.000
  0.000
  0.000
  0.000
  0.000
  0.000
  0.000
  0.000
  0.000
  0.000
  0.000
  0.000
  0.000
  0.000
  0.000
  0.000
  0.000
  0.000
  0.000
  0.000
  0.000
  0.000
  0.000
  0.000
  0.000
  0.000
  0.000
  0.000
  0.000
  0.000
  0.000
  0.500
  0.700
  0.700
  0.700
  0.700
  0.700
  0.700
  0.700
  0.700
  0.700
  0.700
  0.700
  0.700
  0.680
  0.646
  0.616
  0.640
  0.644
  0.637
  0.691
  0.675
  0.536
  0.500
  0.500
  0.500
  0.519
  0.700
  0.700
  0.700
  0.595
  0.500
  0.500
  0.500
  0.500
  0.500
  0.500
  0.500
  0.500
  0.500
  0.500
  0.500
  0.500
  0.584
  0.662
  0.700
  0.700
  0.700
  0.700
  0.700
  0.700
  0.700
  0.700
  0.607
  0.500
  0.500
  0.500
  0.500
  0.700
  0.700
  0.700
  0.700
  0.700
  0.700
  0.700
  0.700
  0.700
  0.700
  0.700
  0.700
  0.700
  0.700
  0.700
  0.700
  0.700
  0.719
  0.727
  0.723
  0.725
  0.711
  0.731
  0.730
  0.750
  0.750
  0.750
  0.750
  0.750
  0.750
  0.750
  0.750
  0.750
  0.750
  0.750
  0.750
  0.748
  0.719
  0.719
  0.719
  0.719
  0.719
  0.719
  0.719
  0.719
  0.719
  0.719
  0.719
  0.719
  0.719
  0.700
  0.700
  0.700
  0.705
  0.705
  0.705
  0.705
  0.705
  0.705
  0.750
  0.712
  0.700
  0.700
  0.700
  0.700
  0.700
  0.700
  0.700
  0.700
  0.700
  0.700
  0.700
  0.700
  0.700
  0.700
  0.700
  0.700
  0.700
  0.700
  0.714
  0.715
  0.700
  0.700
  0.700
  0.700
  0.835
  0.735
  0.700
  0.700
  0.700
  0.727
  0.719
  0.744
  0.741
  0.750
  0.750
  0.703
  0.703
  0.703
  0.703
  0.703
  0.703
  0.703
  0.703
  0.703
  0.700
  0.700
  0.700
  0.500
  0.500
  0.900
  0.832
  0.888
  0.900
  0.803
  0.776
  0.700
  0.700
  0.700
  0.700
  0.700
  0.700
  0.700
  0.500
  0.500
  0.500
  0.500
  0.500
  0.000
  0.000
  0.500
  0.500
  0.500
  0.500
  0.000
  0.000
  0.000
  0.000
  0.000
  0.000
  0.000
  0.000
  0.000
  0.000
  0.000
  0.000
  0.000
  0.000
  0.000
  0.000
  0.000
  0.000
  0.000
  0.000
  0.000
  0.000
  0.000
  0.000
  0.000
  0.000
  0.000
  0.000
  0.000
  0.000
  0.000
  0.000
  0.000
  0.000
  0.000
  0.000
  0.000
  0.000
  0.000
  0.000
  0.000
  0.000
  0.000
  0.000
  0.000
  0.000
  0.000
  0.000
  0.000
  0.000
  0.000
  0.000
  0.000
  0.000
  0.000
  0.581
  0.700
  0.700
  0.700
  0.700
  0.700
  0.700
  0.700
  0.700
  0.700
  0.700
  0.700
  0.700
  0.700
  0.700
  0.700
  0.700
  0.700
  0.700
  0.700
  0.700
  0.700
  0.671
  0.523
  0.500
  0.511
  0.607
  0.700
  0.700
  0.700
  0.700
  0.530
  0.530
  0.530
  0.530
  0.500
  0.500
  0.500
  0.500
  0.500
  0.500
  0.500
  0.500
  0.560
  0.638
  0.700
  0.700
  0.700
  0.700
  0.700
  0.700
  0.700
  0.700
  0.570
  0.500
  0.500
  0.500
  0.500
  0.500
  0.400
  0.400
  0.700
  0.650
  0.700
  0.700
  0.700
  0.700
  0.700
  0.700
  0.700
  0.700
  0.700
  0.700
  0.700
  0.700
  0.700
  0.704
  0.700
  0.700
  0.700
  0.700
  0.700
  0.500
  0.700
  0.700
  0.700
  0.700
  0.700
  0.700
  0.700
  0.700
  0.700
  0.719
  0.700
  0.500
  0.659
  0.557
  0.000
  0.000
  0.700
  0.700
  0.700
  0.700
  0.700
  0.700
  0.700
  0.700
  0.700
  0.500
  0.500
  0.500
  0.500
  0.700
  0.700
  0.700
  0.700
  0.700
  0.700
  0.700
  0.700
  0.700
  0.700
  0.700
  0.700
  0.700
  0.700
  0.700
  0.700
  0.700
  0.700
  0.700
  0.700
  0.700
  0.700
  0.700
  0.700
  0.700
  0.700
  0.700
  0.700
  0.700
  0.700
  0.700
  0.700
  0.700
  0.700
  0.700
  0.700
  0.700
  0.700
  0.700
  0.702
  0.719
  0.719
  0.719
  0.719
  0.719
  0.719
  0.719
  0.719
  0.719
  0.719
  0.719
  0.719
  0.700
  0.700
  0.500
  0.500
  0.900
  0.900
  0.300
  0.900
  0.400
  0.900
  0.712
  0.739
  0.700
  0.700
  0.700
  0.700
  0.700
  0.700
  0.700
  0.500
  0.500
  0.500
  0.500
  0.500
  0.500
  0.500
  0.500
  0.500
  0.000
  0.000
  0.000
  0.000
  0.000
  0.000
  0.000
  0.000
  0.000
  0.000
  0.000
  0.000
  0.000
  0.000
  0.000
  0.000
  0.000
  0.000
  0.000
  0.000
  0.000
  0.000
  0.000
  0.000
  0.000
  0.000
  0.000
  0.000
  0.000
  0.000
  0.000
  0.000
  0.000
  0.000
  0.000
  0.000
  0.000
  0.000
  0.000
  0.000
  0.000
  0.000
  0.000
  0.000
  0.000
  0.000
  0.000
  0.000
  0.000
  0.000
  0.000
  0.000
  0.000
  0.000
  0.000
  0.531
  0.700
  0.700
  0.700
  0.700
  0.700
  0.700
  0.700
  0.700
  0.700
  0.700
  0.700
  0.700
  0.700
  0.700
  0.700
  0.700
  0.700
  0.700
  0.700
  0.700
  0.700
  0.700
  0.700
  0.700
  0.651
  0.616
  0.656
  0.700
  0.700
  0.700
  0.700
  0.700
  0.681
  0.700
  0.700
  0.700
  0.560
  0.621
  0.640
  0.568
  0.500
  0.500
  0.500
  0.500
  0.525
  0.605
  0.665
  0.700
  0.700
  0.700
  0.700
  0.700
  0.700
  0.672
  0.575
  0.500
  0.500
  0.500
  0.500
  0.500
  0.400
  0.400
  0.400
  0.500
  0.700
  0.700
  0.700
  0.700
  0.700
  0.700
  0.700
  0.700
  0.700
  0.700
  0.700
  0.700
  0.700
  0.700
  0.700
  0.700
  0.619
  0.500
  0.500
  0.500
  0.000
  0.674
  0.700
  0.700
  0.700
  0.700
  0.700
  0.700
  0.700
  0.700
  0.500
  0.500
  0.500
  0.500
  0.000
  0.000
  0.000
  0.000
  0.000
  0.000
  0.000
  0.000
  0.000
  0.000
  0.000
  0.000
  0.000
  0.000
  0.000
  0.000
  0.000
  0.000
  0.000
  0.500
  0.633
  0.512
  0.549
  0.500
  0.500
  0.500
  0.529
  0.662
  0.700
  0.700
  0.700
  0.700
  0.658
  0.684
  0.700
  0.680
  0.680
  0.649
  0.686
  0.700
  0.700
  0.700
  0.700
  0.700
  0.667
  0.583
  0.583
  0.583
  0.700
  0.700
  0.700
  0.700
  0.700
  0.700
  0.700
  0.700
  0.700
  0.700
  0.700
  0.700
  0.700
  0.700
  0.700
  0.700
  0.700
  0.700
  0.700
  0.700
  0.700
  0.500
  0.500
  0.872
  0.900
  0.300
  0.890
  0.790
  0.900
  0.610
  0.900
  0.724
  0.756
  0.700
  0.700
  0.700
  0.700
  0.700
  0.400
  0.400
  0.500
  0.500
  0.500
  0.500
  0.400
  0.400
  0.400
  0.400
  0.000
  0.000
  0.000
  0.000
  0.000
  0.000
  0.000
  0.000
  0.000
  0.000
  0.000
  0.000
  0.000
  0.000
  0.000
  0.000
  0.000
  0.000
  0.000
  0.000
  0.000
  0.000
  0.000
  0.000
  0.000
  0.000
  0.000
  0.000
  0.000
  0.000
  0.000
  0.000
  0.000
  0.000
  0.000
  0.000
  0.000
  0.000
  0.000
  0.000
  0.000
  0.000
  0.000
  0.000
  0.000
  0.000
  0.000
  0.000
  0.000
  0.000
  0.000
  0.000
  0.000
  0.000
  0.000
  0.500
  0.700
  0.700
  0.700
  0.700
  0.700
  0.700
  0.700
  0.700
  0.730
  0.725
  0.717
  0.713
  0.707
  0.700
  0.700
  0.700
  0.700
  0.700
  0.700
  0.700
  0.700
  0.700
  0.700
  0.700
  0.700
  0.700
  0.700
  0.700
  0.700
  0.700
  0.700
  0.700
  0.700
  0.700
  0.700
  0.700
  0.700
  0.700
  0.700
  0.700
  0.700
  0.602
  0.500
  0.500
  0.500
  0.500
  0.571
  0.633
  0.664
  0.676
  0.697
  0.700
  0.613
  0.595
  0.700
  0.641
  0.588
  0.590
  0.545
  0.508
  0.500
  0.500
  0.500
  0.500
  0.500
  0.500
  0.700
  0.700
  0.700
  0.700
  0.700
  0.700
  0.700
  0.700
  0.700
  0.700
  0.700
  0.700
  0.700
  0.700
  0.700
  0.562
  0.562
  0.562
  0.562
  0.562
  0.000
  0.500
  0.700
  0.700
  0.700
  0.700
  0.700
  0.700
  0.700
  0.700
  0.000
  0.000
  0.000
  0.000
  0.000
  0.000
  0.000
  0.000
  0.000
  0.000
  0.000
  0.000
  0.000
  0.000
  0.000
  0.000
  0.000
  0.000
  0.000
  0.000
  0.000
  0.000
  0.000
  0.000
  0.000
  0.000
  0.000
  0.000
  0.500
  0.500
  0.500
  0.500
  0.500
  0.500
  0.500
  0.500
  0.500
  0.500
  0.500
  0.500
  0.500
  0.500
  0.500
  0.680
  0.700
  0.700
  0.700
  0.569
  0.500
  0.500
  0.622
  0.500
  0.700
  0.700
  0.700
  0.500
  0.638
  0.638
  0.638
  0.638
  0.638
  0.638
  0.638
  0.638
  0.638
  0.638
  0.638
  0.638
  0.638
  0.638
  0.638
  0.638
  0.638
  0.879
  0.900
  0.900
  0.900
  0.900
  0.900
  0.803
  0.900
  0.326
  0.900
  0.577
  0.838
  0.300
  0.635
  0.635
  0.400
  0.400
  0.400
  0.400
  0.400
  0.400
  0.400
  0.400
  0.400
  0.400
  0.400
  0.000
  0.000
  0.000
  0.000
  0.000
  0.000
  0.000
  0.000
  0.000
  0.000
  0.000
  0.000
  0.000
  0.000
  0.000
  0.000
  0.000
  0.000
  0.000
  0.000
  0.000
  0.000
  0.000
  0.000
  0.000
  0.000
  0.000
  0.000
  0.000
  0.000
  0.000
  0.000
  0.000
  0.000
  0.000
  0.000
  0.000
  0.000
  0.000
  0.000
  0.000
  0.000
  0.000
  0.000
  0.000
  0.000
  0.000
  0.000
  0.000
  0.000
  0.000
  0.000
  0.000
  0.000
  0.000
  0.537
  0.700
  0.700
  0.700
  0.700
  0.700
  0.700
  0.700
  0.750
  0.750
  0.750
  0.750
  0.745
  0.744
  0.735
  0.729
  0.722
  0.718
  0.712
  0.717
  0.725
  0.730
  0.730
  0.720
  0.705
  0.700
  0.700
  0.700
  0.700
  0.700
  0.700
  0.700
  0.700
  0.700
  0.700
  0.700
  0.700
  0.700
  0.700
  0.700
  0.700
  0.700
  0.700
  0.700
  0.697
  0.590
  0.524
  0.544
  0.605
  0.654
  0.665
  0.638
  0.565
  0.500
  0.621
  0.700
  0.700
  0.700
  0.700
  0.700
  0.700
  0.700
  0.700
  0.592
  0.500
  0.500
  0.500
  0.500
  0.605
  0.700
  0.700
  0.700
  0.700
  0.700
  0.700
  0.700
  0.700
  0.700
  0.700
  0.700
  0.700
  0.700
  0.700
  0.500
  0.000
  0.000
  0.000
  0.000
  0.000
  0.000
  0.000
  0.516
  0.669
  0.700
  0.699
  0.699
  0.699
  0.000
  0.000
  0.000
  0.000
  0.000
  0.000
  0.000
  0.000
  0.000
  0.000
  0.000
  0.000
  0.000
  0.000
  0.000
  0.000
  0.000
  0.000
  0.000
  0.000
  0.000
  0.000
  0.000
  0.000
  0.000
  0.000
  0.000
  0.000
  0.500
  0.500
  0.500
  0.500
  0.500
  0.500
  0.500
  0.500
  0.500
  0.000
  0.000
  0.000
  0.000
  0.000
  0.500
  0.550
  0.700
  0.700
  0.683
  0.510
  0.500
  0.500
  0.615
  0.700
  0.700
  0.700
  0.700
  0.575
  0.500
  0.700
  0.700
  0.700
  0.700
  0.700
  0.700
  0.700
  0.700
  0.700
  0.700
  0.700
  0.700
  0.700
  0.600
  0.600
  0.600
  0.600
  0.900
  0.900
  0.300
  0.900
  0.400
  0.900
  0.400
  0.900
  0.491
  0.900
  0.557
  0.900
  0.300
  0.766
  0.300
  0.300
  0.300
  0.300
  0.400
  0.400
  0.400
  0.400
  0.300
  0.399
  0.400
  0.500
  0.500
  0.500
  0.000
  0.000
  0.000
  0.000
  0.000
  0.000
  0.000
  0.000
  0.000
  0.000
  0.000
  0.000
  0.000
  0.000
  0.000
  0.000
  0.000
  0.000
  0.000
  0.000
  0.000
  0.000
  0.000
  0.000
  0.000
  0.000
  0.000
  0.000
  0.000
  0.000
  0.000
  0.000
  0.000
  0.000
  0.000
  0.000
  0.000
  0.000
  0.000
  0.000
  0.000
  0.000
  0.000
  0.000
  0.000
  0.000
  0.000
  0.000
  0.000
  0.000
  0.000
  0.000
  0.000
  0.000
  0.500
  0.700
  0.700
  0.700
  0.700
  0.700
  0.700
  0.700
  0.750
  0.750
  0.750
  0.750
  0.750
  0.750
  0.750
  0.750
  0.750
  0.747
  0.742
  0.741
  0.741
  0.750
  0.750
  0.750
  0.744
  0.734
  0.718
  0.702
  0.700
  0.700
  0.700
  0.700
  0.700
  0.700
  0.700
  0.700
  0.700
  0.700
  0.700
  0.700
  0.700
  0.700
  0.700
  0.700
  0.700
  0.700
  0.700
  0.700
  0.700
  0.700
  0.700
  0.700
  0.700
  0.700
  0.625
  0.500
  0.500
  0.500
  0.700
  0.700
  0.700
  0.700
  0.700
  0.700
  0.700
  0.646
  0.646
  0.000
  0.000
  0.500
  0.569
  0.700
  0.700
  0.700
  0.700
  0.700
  0.700
  0.700
  0.700
  0.700
  0.700
  0.700
  0.700
  0.700
  0.700
  0.700
  0.000
  0.000
  0.000
  0.000
  0.000
  0.000
  0.000
  0.500
  0.615
  0.680
  0.680
  0.000
  0.000
  0.000
  0.000
  0.000
  0.000
  0.000
  0.000
  0.000
  0.000
  0.000
  0.000
  0.000
  0.000
  0.000
  0.000
  0.000
  0.000
  0.000
  0.000
  0.000
  0.000
  0.000
  0.000
  0.000
  0.000
  0.000
  0.000
  0.000
  0.000
  0.500
  0.594
  0.500
  0.500
  0.500
  0.500
  0.500
  0.000
  0.000
  0.000
  0.000
  0.000
  0.000
  0.500
  0.700
  0.700
  0.700
  0.687
  0.000
  0.000
  0.000
  0.700
  0.700
  0.700
  0.700
  0.700
  0.500
  0.700
  0.700
  0.700
  0.700
  0.700
  0.700
  0.700
  0.700
  0.700
  0.700
  0.700
  0.700
  0.700
  0.700
  0.600
  0.600
  0.600
  0.600
  0.900
  0.900
  0.300
  0.900
  0.828
  0.900
  0.740
  0.900
  0.300
  0.900
  0.736
  0.900
  0.300
  0.900
  0.300
  0.300
  0.300
  0.300
  0.300
  0.300
  0.300
  0.300
  0.300
  0.300
  0.300
  0.400
  0.500
  0.500
  0.500
  0.500
  0.500
  0.500
  0.500
  0.500
  0.500
  0.500
  0.500
  0.000
  0.000
  0.000
  0.000
  0.000
  0.000
  0.000
  0.000
  0.000
  0.000
  0.000
  0.000
  0.000
  0.000
  0.000
  0.000
  0.000
  0.000
  0.000
  0.000
  0.000
  0.000
  0.000
  0.000
  0.000
  0.000
  0.000
  0.000
  0.000
  0.000
  0.000
  0.000
  0.000
  0.000
  0.000
  0.000
  0.000
  0.000
  0.000
  0.000
  0.000
  0.000
  0.000
  0.000
  0.000
  0.000
  0.633
  0.633
  0.900
  0.900
  0.900
  0.900
  0.900
  0.900
  0.900
  0.749
  0.750
  0.750
  0.750
  0.750
  0.750
  0.750
  0.750
  0.750
  0.750
  0.750
  0.750
  0.750
  0.750
  0.750
  0.750
  0.750
  0.750
  0.741
  0.726
  0.719
  0.716
  0.716
  0.718
  0.719
  0.715
  0.706
  0.700
  0.700
  0.700
  0.700
  0.700
  0.700
  0.700
  0.700
  0.700
  0.700
  0.700
  0.700
  0.700
  0.700
  0.700
  0.700
  0.700
  0.700
  0.700
  0.700
  0.700
  0.700
  0.653
  0.619
  0.700
  0.700
  0.700
  0.700
  0.700
  0.700
  0.520
  0.520
  0.520
  0.520
  0.500
  0.579
  0.700
  0.700
  0.700
  0.700
  0.700
  0.700
  0.700
  0.700
  0.700
  0.700
  0.700
  0.700
  0.700
  0.700
  0.000
  0.000
  0.000
  0.000
  0.000
  0.000
  0.000
  0.000
  0.700
  0.700
  0.000
  0.000
  0.000
  0.000
  0.000
  0.000
  0.000
  0.000
  0.000
  0.000
  0.000
  0.000
  0.000
  0.000
  0.000
  0.000
  0.000
  0.000
  0.000
  0.000
  0.000
  0.000
  0.000
  0.000
  0.000
  0.000
  0.000
  0.000
  0.000
  0.000
  0.000
  0.500
  0.500
  0.593
  0.500
  0.500
  0.500
  0.500
  0.000
  0.000
  0.000
  0.000
  0.000
  0.000
  0.000
  0.000
  0.700
  0.700
  0.700
  0.700
  0.500
  0.500
  0.700
  0.700
  0.700
  0.700
  0.700
  0.700
  0.700
  0.700
  0.700
  0.700
  0.700
  0.700
  0.700
  0.700
  0.700
  0.700
  0.700
  0.700
  0.700
  0.700
  0.700
  0.700
  0.700
  0.700
  0.000
  0.900
  0.900
  0.900
  0.900
  0.300
  0.900
  0.711
  0.900
  0.712
  0.900
  0.900
  0.900
  0.479
  0.900
  0.305
  0.582
  0.300
  0.300
  0.300
  0.300
  0.300
  0.300
  0.300
  0.300
  0.300
  0.300
  0.300
  0.400
  0.400
  0.400
  0.400
  0.400
  0.400
  0.500
  0.633
  0.633
  0.633
  0.633
  0.000
  0.633
  0.633
  0.633
  0.633
  0.633
  0.633
  0.000
  0.000
  0.000
  0.000
  0.000
  0.000
  0.000
  0.000
  0.000
  0.000
  0.000
  0.000
  0.000
  0.000
  0.000
  0.000
  0.000
  0.000
  0.000
  0.000
  0.000
  0.000
  0.000
  0.000
  0.000
  0.000
  0.000
  0.000
  0.000
  0.000
  0.000
  0.000
  0.000
  0.000
  0.000
  0.000
  0.000
  0.000
  0.633
  0.633
  0.633
  0.633
  0.900
  0.900
  0.900
  0.900
  0.900
  0.787
  0.756
  0.745
  0.803
  0.899
  0.900
  0.750
  0.750
  0.750
  0.750
  0.750
  0.750
  0.750
  0.750
  0.750
  0.750
  0.750
  0.750
  0.750
  0.750
  0.750
  0.743
  0.740
  0.743
  0.742
  0.739
  0.736
  0.733
  0.727
  0.721
  0.732
  0.738
  0.710
  0.700
  0.700
  0.700
  0.700
  0.700
  0.700
  0.700
  0.700
  0.700
  0.700
  0.706
  0.713
  0.700
  0.700
  0.700
  0.700
  0.700
  0.700
  0.700
  0.700
  0.700
  0.700
  0.700
  0.664
  0.500
  0.500
  0.500
  0.500
  0.500
  0.500
  0.500
  0.500
  0.700
  0.700
  0.700
  0.700
  0.700
  0.700
  0.700
  0.700
  0.700
  0.700
  0.700
  0.700
  0.700
  0.700
  0.700
  0.000
  0.000
  0.000
  0.000
  0.000
  0.000
  0.000
  0.700
  0.700
  0.700
  0.000
  0.000
  0.000
  0.000
  0.000
  0.000
  0.000
  0.000
  0.000
  0.000
  0.000
  0.000
  0.000
  0.000
  0.000
  0.000
  0.000
  0.000
  0.000
  0.000
  0.000
  0.000
  0.000
  0.000
  0.000
  0.000
  0.000
  0.000
  0.000
  0.000
  0.633
  0.633
  0.700
  0.500
  0.500
  0.500
  0.500
  0.500
  0.000
  0.000
  0.000
  0.000
  0.000
  0.000
  0.000
  0.700
  0.700
  0.700
  0.700
  0.000
  0.500
  0.700
  0.700
  0.700
  0.700
  0.700
  0.592
  0.700
  0.700
  0.700
  0.700
  0.700
  0.700
  0.700
  0.700
  0.700
  0.700
  0.700
  0.700
  0.700
  0.700
  0.700
  0.700
  0.700
  0.700
  0.700
  0.900
  0.900
  0.900
  0.900
  0.760
  0.865
  0.712
  0.900
  0.857
  0.900
  0.900
  0.900
  0.815
  0.900
  0.798
  0.900
  0.300
  0.300
  0.300
  0.300
  0.300
  0.300
  0.300
  0.300
  0.300
  0.300
  0.300
  0.300
  0.300
  0.398
  0.400
  0.772
  0.800
  0.633
  0.633
  0.633
  0.633
  0.000
  0.633
  0.633
  0.633
  0.633
  0.633
  0.633
  0.633
  0.633
  0.633
  0.633
  0.000
  0.633
  0.000
  0.000
  0.000
  0.000
  0.000
  0.000
  0.000
  0.000
  0.000
  0.000
  0.000
  0.000
  0.000
  0.000
  0.000
  0.000
  0.000
  0.000
  0.000
  0.000
  0.000
  0.000
  0.000
  0.000
  0.000
  0.000
  0.000
  0.000
  0.000
  0.000
  0.000
  0.000
  0.000
  0.000
  0.633
  0.633
  0.633
  0.633
  0.900
  0.900
  0.900
  0.700
  0.700
  0.700
  0.748
  0.700
  0.700
  0.724
  0.821
  0.900
  0.750
  0.750
  0.750
  0.750
  0.750
  0.750
  0.750
  0.750
  0.750
  0.750
  0.750
  0.750
  0.750
  0.750
  0.750
  0.750
  0.741
  0.739
  0.737
  0.736
  0.735
  0.736
  0.744
  0.769
  0.806
  0.837
  0.830
  0.791
  0.740
  0.707
  0.711
  0.712
  0.712
  0.710
  0.711
  0.716
  0.724
  0.740
  0.750
  0.750
  0.750
  0.750
  0.750
  0.744
  0.731
  0.719
  0.700
  0.700
  0.700
  0.700
  0.700
  0.700
  0.700
  0.500
  0.500
  0.500
  0.506
  0.700
  0.692
  0.692
  0.543
  0.700
  0.700
  0.700
  0.500
  0.500
  0.579
  0.635
  0.700
  0.700
  0.700
  0.500
  0.500
  0.500
  0.500
  0.000
  0.000
  0.000
  0.000
  0.000
  0.000
  0.000
  0.000
  0.633
  0.000
  0.000
  0.000
  0.000
  0.000
  0.000
  0.000
  0.000
  0.000
  0.000
  0.000
  0.000
  0.000
  0.000
  0.000
  0.000
  0.000
  0.000
  0.000
  0.000
  0.000
  0.000
  0.000
  0.000
  0.000
  0.000
  0.000
  0.000
  0.000
  0.000
  0.633
  0.633
  0.633
  0.633
  0.633
  0.000
  0.000
  0.000
  0.000
  0.000
  0.000
  0.000
  0.000
  0.000
  0.000
  0.700
  0.700
  0.700
  0.700
  0.700
  0.700
  0.700
  0.700
  0.900
  0.700
  0.700
  0.671
  0.700
  0.700
  0.700
  0.700
  0.700
  0.700
  0.700
  0.700
  0.700
  0.700
  0.700
  0.700
  0.700
  0.700
  0.700
  0.700
  0.500
  0.500
  0.900
  0.900
  0.900
  0.900
  0.406
  0.852
  0.680
  0.900
  0.882
  0.900
  0.900
  0.900
  0.900
  0.900
  0.900
  0.900
  0.459
  0.459
  0.459
  0.459
  0.459
  0.459
  0.459
  0.459
  0.459
  0.459
  0.459
  0.459
  0.300
  0.300
  0.300
  0.800
  0.800
  0.800
  0.800
  0.800
  0.633
  0.633
  0.633
  0.633
  0.633
  0.633
  0.633
  0.633
  0.633
  0.633
  0.633
  0.633
  0.633
  0.633
  0.633
  0.633
  0.633
  0.000
  0.633
  0.000
  0.000
  0.000
  0.000
  0.000
  0.000
  0.000
  0.000
  0.000
  0.000
  0.000
  0.000
  0.000
  0.000
  0.000
  0.000
  0.000
  0.000
  0.000
  0.000
  0.000
  0.000
  0.000
  0.000
  0.000
  0.000
  0.000
  0.000
  0.000
  0.000
  0.633
  0.633
  0.633
  0.633
  0.746
  0.900
  0.900
  0.700
  0.700
  0.700
  0.700
  0.700
  0.700
  0.700
  0.700
  0.752
  0.900
  0.750
  0.750
  0.750
  0.750
  0.750
  0.750
  0.750
  0.750
  0.750
  0.750
  0.750
  0.750
  0.750
  0.750
  0.750
  0.749
  0.744
  0.742
  0.740
  0.737
  0.732
  0.727
  0.728
  0.740
  0.774
  0.803
  0.825
  0.822
  0.792
  0.757
  0.729
  0.726
  0.728
  0.729
  0.729
  0.734
  0.745
  0.750
  0.750
  0.750
  0.750
  0.750
  0.750
  0.750
  0.750
  0.750
  0.750
  0.729
  0.711
  0.700
  0.700
  0.700
  0.700
  0.700
  0.700
  0.700
  0.700
  0.700
  0.700
  0.633
  0.633
  0.633
  0.633
  0.633
  0.633
  0.633
  0.633
  0.633
  0.633
  0.633
  0.400
  0.800
  0.633
  0.633
  0.633
  0.633
  0.000
  0.633
  0.000
  0.000
  0.000
  0.000
  0.000
  0.000
  0.000
  0.000
  0.000
  0.000
  0.000
  0.000
  0.000
  0.000
  0.000
  0.000
  0.000
  0.000
  0.000
  0.000
  0.000
  0.000
  0.000
  0.000
  0.000
  0.000
  0.000
  0.000
  0.000
  0.000
  0.000
  0.000
  0.000
  0.000
  0.633
  0.633
  0.633
  0.633
  0.633
  0.633
  0.633
  0.000
  0.000
  0.000
  0.000
  0.000
  0.000
  0.000
  0.000
  0.000
  0.000
  0.000
  0.900
  0.900
  0.900
  0.900
  0.900
  0.900
  0.900
  0.900
  0.700
  0.500
  0.000
  0.000
  0.000
  0.500
  0.700
  0.700
  0.700
  0.700
  0.700
  0.700
  0.700
  0.700
  0.700
  0.700
  0.700
  0.700
  0.700
  0.500
  0.500
  0.900
  0.900
  0.900
  0.900
  0.807
  0.885
  0.766
  0.900
  0.900
  0.900
  0.900
  0.900
  0.900
  0.900
  0.900
  0.900
  0.900
  0.900
  0.900
  0.900
  0.900
  0.900
  0.900
  0.900
  0.900
  0.900
  0.900
  0.900
  0.900
  0.900
  0.900
  0.900
  0.900
  0.773
  0.800
  0.613
  0.654
  0.654
  0.654
  0.654
  0.654
  0.654
  0.540
  0.633
  0.633
  0.900
  0.900
  0.900
  0.900
  0.900
  0.900
  0.900
  0.900
  0.900
  0.633
  0.633
  0.000
  0.633
  0.633
  0.000
  0.000
  0.000
  0.000
  0.000
  0.000
  0.000
  0.633
  0.633
  0.633
  0.633
  0.633
  0.000
  0.000
  0.000
  0.000
  0.000
  0.000
  0.000
  0.000
  0.000
  0.000
  0.000
  0.000
  0.000
  0.000
  0.000
  0.000
  0.000
  0.900
  0.900
  0.900
  0.900
  0.900
  0.900
  0.700
  0.700
  0.700
  0.700
  0.700
  0.700
  0.700
  0.700
  0.700
  0.844
  0.750
  0.750
  0.750
  0.750
  0.750
  0.750
  0.750
  0.750
  0.750
  0.750
  0.750
  0.750
  0.750
  0.750
  0.749
  0.742
  0.739
  0.738
  0.739
  0.741
  0.739
  0.736
  0.735
  0.748
  0.768
  0.782
  0.794
  0.799
  0.789
  0.770
  0.752
  0.738
  0.736
  0.738
  0.739
  0.744
  0.750
  0.750
  0.750
  0.750
  0.750
  0.750
  0.750
  0.750
  0.750
  0.750
  0.750
  0.750
  0.745
  0.726
  0.713
  0.728
  0.785
  0.701
  0.700
  0.700
  0.706
  0.730
  0.700
  0.633
  0.633
  0.633
  0.633
  0.633
  0.633
  0.633
  0.633
  0.633
  0.633
  0.549
  0.418
  0.731
  0.572
  0.572
  0.800
  0.800
  0.633
  0.633
  0.633
  0.633
  0.633
  0.633
  0.000
  0.000
  0.000
  0.000
  0.000
  0.000
  0.000
  0.000
  0.000
  0.000
  0.000
  0.000
  0.000
  0.000
  0.000
  0.000
  0.000
  0.000
  0.000
  0.000
  0.000
  0.000
  0.000
  0.000
  0.000
  0.000
  0.000
  0.000
  0.000
  0.000
  0.000
  0.000
  0.633
  0.633
  0.633
  0.633
  0.000
  0.000
  0.000
  0.000
  0.000
  0.000
  0.000
  0.000
  0.000
  0.000
  0.000
  0.000
  0.900
  0.900
  0.900
  0.900
  0.900
  0.900
  0.900
  0.900
  0.700
  0.700
  0.700
  0.700
  0.700
  0.700
  0.700
  0.700
  0.700
  0.700
  0.700
  0.700
  0.700
  0.700
  0.700
  0.700
  0.700
  0.700
  0.700
  0.500
  0.500
  0.900
  0.900
  0.900
  0.900
  0.865
  0.900
  0.828
  0.900
  0.900
  0.900
  0.900
  0.900
  0.900
  0.900
  0.900
  0.900
  0.900
  0.900
  0.900
  0.900
  0.900
  0.900
  0.900
  0.900
  0.900
  0.900
  0.900
  0.900
  0.900
  0.900
  0.900
  0.900
  0.100
  0.379
  0.500
  0.332
  0.577
  0.400
  0.400
  0.900
  0.900
  0.633
  0.633
  0.633
  0.633
  0.900
  0.900
  0.900
  0.900
  0.900
  0.900
  0.900
  0.900
  0.900
  0.900
  0.633
  0.633
  0.633
  0.633
  0.633
  0.000
  0.000
  0.000
  0.633
  0.000
  0.000
  0.000
  0.000
  0.000
  0.417
  0.417
  0.633
  0.633
  0.000
  0.000
  0.000
  0.000
  0.000
  0.000
  0.000
  0.000
  0.000
  0.000
  0.633
  0.000
  0.000
  0.633
  0.633
  0.900
  0.900
  0.700
  0.700
  0.700
  0.781
  0.856
  0.890
  0.783
  0.700
  0.700
  0.700
  0.700
  0.700
  0.700
  0.702
  0.814
  0.868
  0.750
  0.750
  0.750
  0.750
  0.750
  0.740
  0.735
  0.735
  0.742
  0.750
  0.750
  0.750
  0.750
  0.750
  0.740
  0.733
  0.729
  0.727
  0.729
  0.729
  0.733
  0.737
  0.740
  0.743
  0.750
  0.769
  0.786
  0.789
  0.789
  0.770
  0.755
  0.743
  0.740
  0.741
  0.744
  0.749
  0.750
  0.750
  0.750
  0.750
  0.750
  0.750
  0.750
  0.750
  0.750
  0.750
  0.743
  0.732
  0.722
  0.729
  0.769
  0.808
  0.840
  0.832
  0.802
  0.804
  0.825
  0.736
  0.741
  0.766
  0.708
  0.723
  0.715
  0.690
  0.588
  0.578
  0.596
  0.585
  0.569
  0.545
  0.414
  0.183
  0.191
  0.285
  0.400
  0.536
  0.604
  0.400
  0.547
  0.633
  0.633
  0.633
  0.633
  0.000
  0.000
  0.000
  0.000
  0.000
  0.000
  0.000
  0.000
  0.000
  0.000
  0.000
  0.000
  0.000
  0.000
  0.000
  0.000
  0.000
  0.000
  0.000
  0.000
  0.000
  0.000
  0.000
  0.000
  0.000
  0.633
  0.633
  0.633
  0.633
  0.633
  0.633
  0.633
  0.633
  0.633
  0.000
  0.000
  0.000
  0.000
  0.000
  0.000
  0.000
  0.000
  0.000
  0.000
  0.000
  0.000
  0.900
  0.900
  0.900
  0.900
  0.900
  0.900
  0.900
  0.900
  0.900
  0.000
  0.000
  0.000
  0.000
  0.700
  0.700
  0.700
  0.700
  0.700
  0.700
  0.700
  0.700
  0.700
  0.700
  0.700
  0.700
  0.700
  0.700
  0.700
  0.500
  0.500
  0.900
  0.900
  0.900
  0.900
  0.900
  0.900
  0.900
  0.900
  0.900
  0.900
  0.900
  0.900
  0.900
  0.900
  0.900
  0.900
  0.900
  0.900
  0.900
  0.900
  0.900
  0.900
  0.900
  0.900
  0.900
  0.900
  0.900
  0.900
  0.900
  0.900
  0.900
  0.900
  0.900
  0.500
  0.500
  0.500
  0.500
  0.716
  0.703
  0.900
  0.868
  0.638
  0.633
  0.763
  0.693
  0.900
  0.900
  0.900
  0.900
  0.900
  0.900
  0.900
  0.685
  0.633
  0.633
  0.427
  0.400
  0.400
  0.412
  0.400
  0.400
  0.400
  0.000
  0.000
  0.900
  0.900
  0.900
  0.827
  0.633
  0.633
  0.633
  0.422
  0.422
  0.422
  0.422
  0.422
  0.422
  0.422
  0.422
  0.422
  0.422
  0.422
  0.422
  0.422
  0.422
  0.422
  0.633
  0.633
  0.900
  0.844
  0.700
  0.700
  0.700
  0.700
  0.700
  0.700
  0.700
  0.700
  0.700
  0.900
  0.700
  0.700
  0.700
  0.700
  0.700
  0.900
  0.900
  0.900
  0.900
  0.750
  0.750
  0.746
  0.728
  0.719
  0.715
  0.714
  0.722
  0.734
  0.749
  0.750
  0.750
  0.738
  0.729
  0.721
  0.716
  0.714
  0.715
  0.715
  0.720
  0.724
  0.730
  0.730
  0.728
  0.741
  0.751
  0.765
  0.773
  0.768
  0.755
  0.740
  0.737
  0.740
  0.744
  0.750
  0.750
  0.750
  0.750
  0.750
  0.721
  0.741
  0.750
  0.750
  0.750
  0.750
  0.737
  0.723
  0.712
  0.704
  0.723
  0.775
  0.790
  0.792
  0.759
  0.709
  0.700
  0.700
  0.700
  0.699
  0.593
  0.592
  0.569
  0.571
  0.570
  0.557
  0.552
  0.522
  0.500
  0.500
  0.500
  0.500
  0.500
  0.386
  0.200
  0.100
  0.263
  0.400
  0.410
  0.565
  0.565
  0.565
  0.565
  0.633
  0.633
  0.000
  0.633
  0.633
  0.000
  0.000
  0.000
  0.000
  0.633
  0.633
  0.000
  0.633
  0.000
  0.000
  0.000
  0.633
  0.000
  0.000
  0.000
  0.633
  0.633
  0.000
  0.000
  0.000
  0.000
  0.000
  0.000
  0.000
  0.000
  0.633
  0.633
  0.633
  0.000
  0.000
  0.000
  0.000
  0.000
  0.000
  0.633
  0.633
  0.633
  0.633
  0.000
  0.000
  0.000
  0.900
  0.900
  0.900
  0.900
  0.900
  0.900
  0.900
  0.900
  0.900
  0.662
  0.700
  0.700
  0.700
  0.700
  0.700
  0.700
  0.700
  0.700
  0.700
  0.700
  0.700
  0.700
  0.700
  0.700
  0.700
  0.700
  0.700
  0.700
  0.500
  0.500
  0.900
  0.900
  0.900
  0.900
  0.900
  0.900
  0.900
  0.900
  0.900
  0.900
  0.900
  0.900
  0.900
  0.900
  0.900
  0.900
  0.900
  0.900
  0.900
  0.900
  0.900
  0.900
  0.900
  0.900
  0.900
  0.900
  0.900
  0.900
  0.900
  0.900
  0.900
  0.900
  0.900
  0.900
  0.900
  0.900
  0.900
  0.900
  0.900
  0.900
  0.900
  0.900
  0.900
  0.900
  0.900
  0.900
  0.900
  0.808
  0.900
  0.873
  0.900
  0.900
  0.900
  0.826
  0.590
  0.500
  0.100
  0.100
  0.100
  0.400
  0.400
  0.455
  0.900
  0.900
  0.900
  0.900
  0.720
  0.899
  0.900
  0.900
  0.633
  0.633
  0.658
  0.729
  0.900
  0.900
  0.900
  0.900
  0.900
  0.900
  0.900
  0.900
  0.900
  0.900
  0.900
  0.900
  0.633
  0.633
  0.783
  0.900
  0.794
  0.700
  0.700
  0.700
  0.700
  0.700
  0.700
  0.769
  0.900
  0.900
  0.900
  0.900
  0.811
  0.900
  0.900
  0.900
  0.900
  0.900
  0.900
  0.900
  0.900
  0.900
  0.900
  0.700
  0.702
  0.700
  0.700
  0.700
  0.700
  0.708
  0.729
  0.738
  0.738
  0.724
  0.713
  0.704
  0.700
  0.700
  0.700
  0.700
  0.700
  0.700
  0.709
  0.714
  0.714
  0.714
  0.711
  0.712
  0.706
  0.707
  0.711
  0.714
  0.723
  0.727
  0.731
  0.738
  0.750
  0.750
  0.750
  0.750
  0.723
  0.750
  0.750
  0.750
  0.750
  0.750
  0.749
  0.737
  0.724
  0.714
  0.736
  0.763
  0.773
  0.768
  0.754
  0.739
  0.700
  0.700
  0.700
  0.900
  0.900
  0.888
  0.805
  0.730
  0.663
  0.615
  0.565
  0.505
  0.500
  0.500
  0.500
  0.500
  0.500
  0.500
  0.500
  0.500
  0.500
  0.548
  0.633
  0.633
  0.763
  0.900
  0.900
  0.900
  0.900
  0.900
  0.900
  0.900
  0.900
  0.900
  0.900
  0.900
  0.900
  0.900
  0.900
  0.900
  0.900
  0.900
  0.900
  0.900
  0.900
  0.900
  0.900
  0.900
  0.900
  0.900
  0.900
  0.900
  0.633
  0.633
  0.633
  0.633
  0.633
  0.633
  0.633
  0.633
  0.633
  0.633
  0.633
  0.633
  0.633
  0.633
  0.633
  0.633
  0.633
  0.633
  0.633
  0.633
  0.633
  0.900
  0.900
  0.900
  0.900
  0.900
  0.900
  0.900
  0.900
  0.633
  0.500
  0.500
  0.500
  0.500
  0.700
  0.700
  0.700
  0.700
  0.700
  0.700
  0.700
  0.700
  0.700
  0.700
  0.700
  0.700
  0.700
  0.700
  0.500
  0.500
  0.900
  0.900
  0.900
  0.900
  0.900
  0.900
  0.900
  0.900
  0.900
  0.900
  0.900
  0.900
  0.900
  0.900
  0.900
  0.900
  0.900
  0.900
  0.900
  0.900
  0.900
  0.900
  0.900
  0.900
  0.900
  0.900
  0.900
  0.900
  0.900
  0.900
  0.900
  0.900
  0.900
  0.900
  0.900
  0.900
  0.900
  0.900
  0.900
  0.900
  0.900
  0.900
  0.900
  0.900
  0.900
  0.900
  0.900
  0.709
  0.796
  0.867
  0.858
  0.900
  0.900
  0.900
  0.500
  0.500
  0.500
  0.500
  0.500
  0.100
  0.100
  0.633
  0.759
  0.759
  0.759
  0.759
  0.700
  0.700
  0.700
  0.900
  0.900
  0.900
  0.900
  0.900
  0.900
  0.900
  0.900
  0.900
  0.900
  0.900
  0.900
  0.862
  0.900
  0.900
  0.900
  0.720
  0.900
  0.900
  0.900
  0.900
  0.900
  0.900
  0.870
  0.870
  0.900
  0.900
  0.835
  0.703
  0.900
  0.900
  0.777
  0.633
  0.614
  0.607
  0.533
  0.800
  0.900
  0.900
  0.900
  0.900
  0.900
  0.900
  0.700
  0.700
  0.700
  0.700
  0.700
  0.700
  0.700
  0.700
  0.700
  0.700
  0.700
  0.700
  0.700
  0.708
  0.700
  0.700
  0.700
  0.700
  0.700
  0.700
  0.700
  0.700
  0.700
  0.700
  0.700
  0.700
  0.700
  0.700
  0.700
  0.700
  0.700
  0.700
  0.703
  0.707
  0.712
  0.717
  0.728
  0.745
  0.750
  0.750
  0.750
  0.750
  0.750
  0.750
  0.750
  0.750
  0.750
  0.750
  0.750
  0.740
  0.763
  0.800
  0.821
  0.809
  0.774
  0.738
  0.718
  0.721
  0.732
  0.865
  0.753
  0.758
  0.791
  0.808
  0.802
  0.774
  0.729
  0.588
  0.511
  0.500
  0.500
  0.500
  0.500
  0.500
  0.500
  0.500
  0.500
  0.626
  0.900
  0.900
  0.819
  0.700
  0.700
  0.700
  0.720
  0.868
  0.900
  0.900
  0.900
  0.900
  0.900
  0.900
  0.900
  0.900
  0.900
  0.900
  0.900
  0.900
  0.900
  0.900
  0.900
  0.900
  0.900
  0.900
  0.900
  0.900
  0.900
  0.900
  0.900
  0.900
  0.900
  0.900
  0.900
  0.900
  0.900
  0.900
  0.900
  0.900
  0.900
  0.900
  0.900
  0.900
  0.900
  0.900
  0.808
  0.664
  0.900
  0.900
  0.900
  0.900
  0.900
  0.900
  0.900
  0.900
  0.900
  0.900
  0.900
  0.900
  0.700
  0.700
  0.700
  0.700
  0.700
  0.700
  0.700
  0.700
  0.700
  0.700
  0.700
  0.700
  0.700
  0.700
  0.700
  0.700
  0.700
  0.523
  0.523
  0.000
  0.858
  0.900
  0.900
  0.900
  0.900
  0.900
  0.900
  0.900
  0.900
  0.900
  0.900
  0.900
  0.900
  0.900
  0.900
  0.900
  0.900
  0.900
  0.900
  0.900
  0.900
  0.900
  0.900
  0.900
  0.900
  0.900
  0.900
  0.900
  0.900
  0.900
  0.900
  0.900
  0.900
  0.900
  0.900
  0.900
  0.900
  0.900
  0.900
  0.900
  0.900
  0.900
  0.900
  0.900
  0.900
  0.900
  0.900
  0.780
  0.738
  0.835
  0.878
  0.824
  0.764
  0.848
  0.848
  0.848
  0.848
  0.848
  0.848
  0.848
  0.500
  0.500
  0.700
  0.700
  0.700
  0.700
  0.700
  0.700
  0.700
  0.700
  0.718
  0.866
  0.900
  0.900
  0.900
  0.900
  0.900
  0.900
  0.831
  0.772
  0.768
  0.900
  0.840
  0.818
  0.700
  0.700
  0.700
  0.700
  0.847
  0.900
  0.900
  0.900
  0.900
  0.900
  0.900
  0.500
  0.561
  0.633
  0.633
  0.633
  0.900
  0.900
  0.900
  0.900
  0.400
  0.400
  0.502
  0.400
  0.400
  0.633
  0.633
  0.633
  0.000
  0.633
  0.500
  0.700
  0.700
  0.700
  0.700
  0.700
  0.700
  0.700
  0.700
  0.700
  0.700
  0.700
  0.700
  0.700
  0.700
  0.700
  0.700
  0.700
  0.700
  0.700
  0.700
  0.700
  0.700
  0.700
  0.700
  0.700
  0.700
  0.700
  0.700
  0.700
  0.700
  0.700
  0.700
  0.700
  0.700
  0.700
  0.701
  0.717
  0.738
  0.750
  0.750
  0.750
  0.750
  0.750
  0.750
  0.750
  0.750
  0.750
  0.737
  0.723
  0.733
  0.802
  0.849
  0.861
  0.821
  0.751
  0.732
  0.740
  0.736
  0.728
  0.726
  0.724
  0.739
  0.737
  0.740
  0.707
  0.678
  0.633
  0.621
  0.571
  0.541
  0.500
  0.500
  0.500
  0.500
  0.500
  0.500
  0.900
  0.900
  0.784
  0.700
  0.700
  0.700
  0.700
  0.700
  0.700
  0.720
  0.778
  0.700
  0.700
  0.700
  0.700
  0.700
  0.700
  0.700
  0.700
  0.748
  0.821
  0.824
  0.782
  0.724
  0.732
  0.806
  0.900
  0.900
  0.900
  0.894
  0.900
  0.900
  0.897
  0.882
  0.858
  0.881
  0.890
  0.859
  0.744
  0.700
  0.700
  0.700
  0.700
  0.700
  0.784
  0.880
  0.900
  0.900
  0.900
  0.882
  0.809
  0.900
  0.900
  0.801
  0.700
  0.700
  0.700
  0.900
  0.900
  0.900
  0.900
  0.900
  0.900
  0.900
  0.900
  0.900
  0.900
  0.900
  0.900
  0.900
  0.900
  0.900
  0.900
  0.900
  0.900
  0.700
  0.700
  0.000
  0.000
  0.000
  0.000
  0.720
  0.832
  0.900
  0.900
  0.900
  0.900
  0.900
  0.900
  0.900
  0.900
  0.900
  0.900
  0.900
  0.900
  0.900
  0.900
  0.900
  0.900
  0.900
  0.900
  0.900
  0.900
  0.900
  0.900
  0.900
  0.900
  0.900
  0.900
  0.900
  0.900
  0.900
  0.900
  0.900
  0.900
  0.900
  0.900
  0.900
  0.900
  0.900
  0.900
  0.900
  0.900
  0.900
  0.900
  0.900
  0.900
  0.900
  0.865
  0.822
  0.863
  0.900
  0.900
  0.784
  0.700
  0.700
  0.700
  0.700
  0.700
  0.700
  0.700
  0.500
  0.500
  0.500
  0.500
  0.700
  0.700
  0.700
  0.700
  0.700
  0.700
  0.700
  0.700
  0.702
  0.853
  0.853
  0.853
  0.853
  0.853
  0.853
  0.700
  0.700
  0.700
  0.900
  0.900
  0.900
  0.700
  0.700
  0.700
  0.700
  0.703
  0.900
  0.900
  0.500
  0.500
  0.500
  0.500
  0.401
  0.100
  0.800
  0.800
  0.400
  0.400
  0.000
  0.000
  0.000
  0.000
  0.633
  0.800
  0.494
  0.463
  0.633
  0.633
  0.633
  0.000
  0.000
  0.000
  0.000
  0.000
  0.500
  0.559
  0.668
  0.700
  0.700
  0.700
  0.700
  0.700
  0.700
  0.700
  0.700
  0.700
  0.700
  0.700
  0.700
  0.700
  0.700
  0.700
  0.700
  0.700
  0.500
  0.500
  0.500
  0.500
  0.700
  0.700
  0.700
  0.700
  0.700
  0.700
  0.700
  0.700
  0.700
  0.700
  0.700
  0.700
  0.703
  0.728
  0.750
  0.750
  0.750
  0.750
  0.750
  0.750
  0.750
  0.741
  0.723
  0.707
  0.700
  0.753
  0.787
  0.773
  0.713
  0.700
  0.711
  0.727
  0.720
  0.707
  0.633
  0.635
  0.680
  0.681
  0.708
  0.689
  0.639
  0.633
  0.633
  0.633
  0.620
  0.557
  0.500
  0.500
  0.500
  0.500
  0.500
  0.900
  0.900
  0.700
  0.700
  0.700
  0.700
  0.700
  0.700
  0.700
  0.700
  0.700
  0.700
  0.700
  0.700
  0.700
  0.700
  0.700
  0.700
  0.700
  0.700
  0.700
  0.719
  0.700
  0.700
  0.700
  0.700
  0.798
  0.807
  0.745
  0.724
  0.726
  0.739
  0.738
  0.700
  0.700
  0.700
  0.700
  0.700
  0.700
  0.700
  0.700
  0.700
  0.700
  0.700
  0.700
  0.732
  0.821
  0.890
  0.847
  0.700
  0.700
  0.700
  0.785
  0.715
  0.700
  0.700
  0.700
  0.700
  0.700
  0.700
  0.709
  0.661
  0.702
  0.633
  0.600
  0.600
  0.600
  0.620
  0.681
  0.750
  0.750
  0.750
  0.750
  0.750
  0.700
  0.000
  0.000
  0.000
  0.000
  0.000
  0.000
  0.700
  0.765
  0.859
  0.900
  0.300
  0.900
  0.900
  0.900
  0.900
  0.900
  0.900
  0.900
  0.900
  0.900
  0.900
  0.900
  0.900
  0.900
  0.900
  0.900
  0.900
  0.900
  0.900
  0.900
  0.900
  0.900
  0.900
  0.900
  0.900
  0.900
  0.900
  0.900
  0.900
  0.500
  0.500
  0.500
  0.500
  0.500
  0.500
  0.500
  0.500
  0.500
  0.500
  0.500
  0.500
  0.500
  0.500
  0.900
  0.799
  0.900
  0.900
  0.900
  0.900
  0.700
  0.700
  0.700
  0.700
  0.700
  0.700
  0.700
  0.700
  0.700
  0.700
  0.700
  0.700
  0.700
  0.700
  0.700
  0.700
  0.700
  0.700
  0.781
  0.700
  0.700
  0.700
  0.700
  0.700
  0.700
  0.700
  0.700
  0.742
  0.700
  0.700
  0.900
  0.900
  0.900
  0.879
  0.700
  0.700
  0.700
  0.700
  0.876
  0.876
  0.500
  0.500
  0.500
  0.100
  0.100
  0.100
  0.100
  0.414
  0.401
  0.575
  0.633
  0.000
  0.000
  0.000
  0.000
  0.633
  0.633
  0.407
  0.528
  0.633
  0.633
  0.633
  0.000
  0.000
  0.000
  0.000
  0.000
  0.000
  0.000
  0.500
  0.637
  0.612
  0.700
  0.652
  0.700
  0.700
  0.700
  0.700
  0.700
  0.700
  0.700
  0.700
  0.700
  0.700
  0.700
  0.400
  0.400
  0.400
  0.500
  0.500
  0.000
  0.500
  0.662
  0.700
  0.700
  0.700
  0.700
  0.700
  0.700
  0.700
  0.700
  0.700
  0.700
  0.700
  0.710
  0.739
  0.739
  0.739
  0.739
  0.739
  0.750
  0.749
  0.732
  0.713
  0.700
  0.700
  0.744
  0.763
  0.723
  0.700
  0.700
  0.709
  0.720
  0.707
  0.700
  0.633
  0.633
  0.642
  0.656
  0.684
  0.668
  0.633
  0.633
  0.633
  0.633
  0.633
  0.550
  0.500
  0.500
  0.500
  0.500
  0.536
  0.862
  0.900
  0.700
  0.700
  0.700
  0.700
  0.700
  0.700
  0.700
  0.700
  0.700
  0.700
  0.700
  0.700
  0.700
  0.700
  0.700
  0.700
  0.700
  0.700
  0.700
  0.712
  0.700
  0.700
  0.700
  0.700
  0.809
  0.896
  0.769
  0.700
  0.700
  0.700
  0.700
  0.700
  0.700
  0.700
  0.700
  0.700
  0.700
  0.700
  0.700
  0.700
  0.700
  0.700
  0.700
  0.713
  0.851
  0.900
  0.900
  0.700
  0.700
  0.721
  0.830
  0.751
  0.700
  0.700
  0.700
  0.700
  0.700
  0.700
  0.700
  0.600
  0.634
  0.600
  0.600
  0.600
  0.600
  0.600
  0.688
  0.750
  0.700
  0.700
  0.700
  0.500
  0.000
  0.000
  0.000
  0.000
  0.000
  0.000
  0.000
