3000
0.1822
0.176927
0.1762
0.1762
0.1762
0.1762
0.1762
0.1762
0.1762
0.1762
0.1762
0.1762
0.1762
0.176246
0.176291
0.176427
0.176473
0.176518
0.176609
0.176655
0.176745
0.176836
0.176927
0.176927
0.176927
0.176927
0.176927
0.176927
0.176927
0.1762
0.1762
0.1762
0.1762
0.1762
0.1762
0.1762
0.1762
0.1762
0.176246
0.176291
0.176336
0.176382
0.176427
0.176473
0.176518
0.176564
0.176609
0.176655
0.1767
0.176745
0.176791
0.176836
0.176882
0.176496
0.176473
0.17645
0.176427
0.176405
0.176382
0.176359
0.176336
0.176313
0.176291
0.176268
0.176245
0.176223
0.1762
0.1762
0.1762
0.1762
0.1762
0.1762
0.1762
0.1762
0.1762
0.1762
0.1762
0.1762
0.176223
0.1762
0.1762
0.176222
0.176268
0.176313
0.1762
0.1762
0.1762
0.1762
0.1762
0.1762
0.1762
0.1762
0.1762
0.1762
0.1762
0.1762
0.1762
0.1762
0.1762
0.1762
0.1762
0.1762
0.176222
0.1762
0.176268
0.176222
0.176245
0.176291
0.176245
0.1762
0.1762
0.1762
0.1762
0.1762
0.176359
0.176336
0.176314
0.176291
0.176268
0.176245
0.176245
0.176222
0.176291
0.176245
0.176268
0.176314
0.176268
0.1762
0.176222
0.1762
0.1762
0.1762
0.176382
0.176359
0.176427
0.176382
0.176405
0.17645
0.176405
0.176313
0.176359
0.176336
0.176291
0.176336
0.1762
0.1762
0.1762
0.1762
0.1762
0.1762
0.1762
0.1762
0.1762
0.1762
0.1762
0.1762
0.1762
0.1762
0.1762
0.1762
0.1762
0.1762
0.1762
0.1762
0.1762
0.1762
0.1762
0.1762
0.1762
0.1762
0.1762
0.1762
0.1762
0.1762
0.1762
0.1762
0.1762
0.1762
0.1762
0.1762
0.1762
0.1762
0.1762
0.1762
0.1762
0.1762
0.1762
0.1762
0.1762
0.1762
0.1762
0.1762
0.1762
0.1762
0.1762
0.1762
0.1762
0.1762
0.1762
0.1762
0.1762
0.1762
0.1762
0.1762
0.1762
0.1762
0.1762
0.1762
0.1762
0.1762
0.1762
0.1762
0.1762
0.17677
0.176747
0.176725
0.176702
0.176679
0.176656
0.176633
0.17661
0.176587
0.176564
0.176541
0.176518
0.176496
0.176587
0.176542
0.176496
0.17645
0.176405
0.176519
0.176542
0.176564
0.176587
0.17661
0.176632
0.176633
0.176656
0.176587
0.176633
0.17661
0.176564
0.17661
0.176701
0.176655
0.176678
0.176724
0.176679
0.176496
0.176519
0.17645
0.176496
0.176473
0.176427
0.176473
0.176564
0.176518
0.176541
0.176587
0.176541
0.176359
0.176382
0.176405
0.176427
0.17645
0.176473
0.176473
0.176496
0.176427
0.176473
0.17645
0.176405
0.17645
0.176542
0.176496
0.176519
0.176564
0.176519
0.176336
0.176359
0.176291
0.176336
0.176314
0.176268
0.176314
0.176405
0.176359
0.176382
0.176427
0.176382
0.176587
0.17661
0.176633
0.176656
0.176679
0.176702
0.176725
0.176748
0.176771
0.1768
0.176811
0.176844
0.176866
0.176865
0.176842
0.17682
0.176796
0.176772
0.176749
0.176891
0.176841
0.176795
0.176856
0.176842
0.17681
0.176886
0.176887
0.176886
0.176845
0.176846
0.17689
0.176888
0.176816
0.176771
0.176793
0.176845
0.17687
0.176894
0.176869
0.176886
0.17682
0.176656
0.176702
0.176748
0.176795
0.176724
0.176678
0.176632
0.176816
0.17677
0.176772
0.176725
0.176679
0.176749
0.176702
0.176726
0.176679
0.176656
0.176633
0.17661
0.176587
0.176564
0.176541
0.176817
0.176793
0.176771
0.176749
0.176725
0.176702
0.1762
0.177713
0.176927
0.1762
0.1762
0.1762
0.176336
0.176382
0.176564
0.1767
0.176791
0.176882
0.1762
0.1762
0.1762
0.1762
0.1762
0.1762
0.1762
0.1762
0.1762
0.177646
0.177578
0.177511
0.177443
0.177376
0.177308
0.177241
0.177155
0.177041
0.176927
0.176814
0.1767
0.176586
0.176473
0.176359
0.176246
0.1762
0.1762
0.1762
0.177713
0.177713
0.177713
0.177713
0.177713
0.177713
0.177713
0.177713
0.177713
0.177713
0.176995
0.177064
0.177134
0.177204
0.177249
0.177297
0.177347
0.177401
0.177458
0.177518
0.177581
0.177647
0.176927
0.176927
0.176927
0.176927
0.177659
0.177604
0.177548
0.177491
0.177427
0.177382
0.177337
0.177291
0.177245
0.177198
0.177124
0.177052
0.176985
0.17705
0.176978
0.176908
0.17684
0.176772
0.1767
0.176625
0.176548
0.176471
0.176395
0.176323
0.176239
0.1762
0.1762
0.1762
0.1762
0.176925
0.17686
0.176784
0.176742
0.1767
0.176633
0.176559
0.176482
0.176404
0.176327
0.176249
0.1762
0.1762
0.1762
0.1762
0.1762
0.1762
0.1762
0.1762
0.176257
0.1762
0.1762
0.1762
0.1762
0.1762
0.1762
0.1762
0.1762
0.176409
0.176337
0.176273
0.176214
0.1762
0.176288
0.176314
0.176488
0.17641
0.17636
0.176503
0.176526
0.176643
0.176584
0.176663
0.176713
0.176744
0.176815
0.176874
0.1766
0.176568
0.176377
0.176439
0.176334
0.176233
0.1762
0.176265
0.1762
0.1762
0.176333
0.1762
0.1762
0.1762
0.1762
0.1762
0.1762
0.1762
0.1762
0.1762
0.1762
0.1762
0.1762
0.1762
0.1762
0.1762
0.1762
0.1762
0.1762
0.1762
0.1762
0.176476
0.176985
0.176917
0.176847
0.176769
0.176701
0.176629
0.176553
0.1762
0.176399
0.176322
0.17624
0.1762
0.1762
0.1762
0.1762
0.1762
0.1762
0.1762
0.176242
0.176334
0.176429
0.176519
0.176606
0.176694
0.176783
0.176863
0.176938
0.177021
0.177107
0.17719
0.177242
0.177014
0.17709
0.177177
0.177241
0.177293
0.177343
0.177396
0.177449
0.177499
0.177549
0.177603
0.177657
0.176995
0.176969
0.176943
0.176921
0.176914
0.176864
0.176884
0.176778
0.176863
0.176683
0.176762
0.176842
0.176594
0.176664
0.17674
0.176822
0.176419
0.17651
0.176626
0.176726
0.17679
0.176764
0.176325
0.176411
0.176514
0.17665
0.176496
0.176241
0.176303
0.176392
0.176272
0.1762
0.1762
0.1762
0.1762
0.176509
0.17658
0.176939
0.177198
0.177132
0.177076
0.177016
0.177264
0.17722
0.177169
0.177115
0.17705
0.177236
0.177289
0.177344
0.177281
0.177339
0.1774
0.177337
0.177384
0.177436
0.177493
0.177473
0.177545
0.177606
0.177408
0.177455
0.177252
0.177243
0.177077
0.177181
0.1772
0.177294
0.176977
0.17703
0.177089
0.176991
0.177658
0.177604
0.177551
0.177499
0.177446
0.177393
0.177341
0.17729
0.177238
0.17718
0.177099
0.177659
0.177605
0.177551
0.177497
0.177443
0.177389
0.177337
0.177287
0.177238
0.177185
0.177333
0.177333
0.177659
0.177604
0.17755
0.177494
0.177438
0.177383
0.177372
0.177288
0.177287
0.17724
0.176622
0.176616
0.1762
0.176243
0.176447
0.176395
0.176532
0.176542
0.176464
0.176344
0.1762
0.1762
0.1762
0.1767
0.176776
0.176847
0.1769
0.176966
0.177043
0.177121
0.176699
0.177195
0.17678
0.176857
0.177114
0.176937
0.177032
0.176981
0.177039
0.177101
0.177172
0.177239
0.177293
0.177344
0.177393
0.177443
0.177495
0.177548
0.177603
0.177658
0.177658
0.177603
0.177547
0.177493
0.177441
0.177391
0.177342
0.177294
0.177245
0.177195
0.177114
0.177037
0.17697
0.177343
0.177095
0.177243
0.177186
0.177294
0.176973
0.176976
0.177035
0.177023
0.177495
0.177603
0.177548
0.177658
0.177443
0.177393
0.177658
0.177603
0.177547
0.17749
0.177437
0.177388
0.177341
0.177293
0.177246
0.177199
0.177122
0.177047
0.176975
0.177658
0.177602
0.177547
0.177494
0.177443
0.177394
0.177344
0.177296
0.177253
0.177212
0.17716
0.177115
0.177041
0.176984
0.177657
0.177656
0.177599
0.177665
0.177609
0.177548
0.177493
0.177443
0.177499
0.177498
0.177444
0.177394
0.177442
0.177393
0.177346
0.177199
0.177225
0.177302
0.177253
0.177347
0.177314
0.177268
0.177436
0.177383
0.177165
0.177035
0.177092
0.177561
0.177629
0.177491
0.177543
0.177533
0.177658
0.177592
0.177163
0.177104
0.177042
0.176976
0.177213
0.1762
0.1762
0.1762
0.1762
0.1762
0.1762
0.1762
0.1762
0.1762
0.1762
0.1762
0.1762
0.176066
0.176093
0.176145
0.176192
0.1762
0.1762
0.1762
0.1762
0.1762
0.1762
0.1762
0.176039
0.176039
0.176039
0.176039
0.176039
0.1762
0.1762
0.1762
0.1762
0.1762
0.1762
0.17618
0.176152
0.176123
0.176095
0.176067
0.1762
0.1762
0.1762
0.1762
0.1762
0.1762
0.1762
0.1762
0.1762
0.176179
0.176157
0.176134
0.176111
0.176088
0.176064
0.1762
0.1762
0.1762
0.1762
0.1762
0.1762
0.1762
0.1762
0.1762
0.1762
0.176179
0.176157
0.176135
0.176113
0.176091
0.176064
0.1762
0.1762
0.1762
0.1762
0.1762
0.1762
0.1762
0.1762
0.1762
0.1762
0.1762
0.1762
0.1762
0.1762
0.176182
0.176159
0.176136
0.176116
0.176106
0.176135
0.176182
0.176162
0.176084
0.1762
0.1762
0.1762
0.176181
0.17618
0.176158
0.1762
0.1762
0.1762
0.1762
0.1762
0.1762
0.1762
0.1762
0.1762
0.1762
0.1762
0.1762
0.1762
0.1762
0.1762
0.1762
0.1762
0.1762
0.1762
0.1762
0.1762
0.1762
0.1762
0.1762
0.1762
0.1762
0.1762
0.1762
0.1762
0.1762
0.1762
0.1762
0.1762
0.1762
0.1762
0.1762
0.1762
0.1762
0.1762
0.1762
0.1762
0.1762
0.1762
0.1762
0.1762
0.1762
0.1762
0.1762
0.1762
0.1762
0.1762
0.1762
0.1762
0.1762
0.1762
0.1762
0.1762
0.1762
0.1762
0.176062
0.176086
0.176109
0.176133
0.176155
0.176177
0.176198
0.1762
0.1762
0.1762
0.1762
0.1762
0.1762
0.1762
0.176062
0.176086
0.176109
0.176131
0.176153
0.176174
0.176194
0.1762
0.1762
0.1762
0.1762
0.1762
0.1762
0.1762
0.176062
0.176063
0.176086
0.176067
0.176093
0.176117
0.176143
0.176168
0.176192
0.176196
0.17619
0.17619
0.1762
0.1762
0.1762
0.1762
0.1762
0.1762
0.1762
0.1762
0.1762
0.1762
0.1762
0.1762
0.17614
0.176165
0.176133
0.176116
0.176099
0.176166
0.176066
0.176065
0.176064
0.176087
0.176109
0.17609
0.176111
0.176131
0.176091
0.176148
0.176132
0.176171
0.176152
0.176119
0.176062
0.176086
0.176109
0.176132
0.176154
0.176175
0.176196
0.1762
0.1762
0.1762
0.1762
0.1762
0.1762
0.1762
0.1762
0.1762
0.1762
0.1762
0.17611
0.176134
0.176157
0.1762
0.1762
0.1762
0.1762
0.176157
0.176158
0.176179
0.176184
0.17618
0.176133
0.176063
0.176086
0.17611
0.17611
0.176086
0.176134
0.176063
0.176063
0.176087
0.1762
0.1762
0.1762
0.1762
0.1762
0.1762
0.1762
0.1762
0.1762
0.1762
0.1762
0.1762
0.1762
0.1762
0.1762
0.1762
0.1762
0.1762
0.1762
0.1762
0.1762
0.1762
0.1762
0.1762
0.1762
0.1762
0.176039
0.1752
0.174049
0.176119
0.176169
0.1762
0.1762
0.1752
0.1752
0.1762
0.1762
0.1762
0.1762
0.1762
0.1762
0.1762
0.174078
0.174108
0.1752
0.1752
0.176023
0.176007
0.175991
0.175974
0.175958
0.17415
0.1741
0.176033
0.17606
0.176086
0.176112
0.176138
0.176164
0.17619
0.1762
0.1762
0.1762
0.1762
0.1762
0.176049
0.176076
0.176103
0.176129
0.176154
0.176179
0.1762
0.1762
0.1762
0.1762
0.1762
0.1762
0.1762
0.1762
0.1762
0.1762
0.1762
0.1762
0.1762
0.1762
0.1762
0.1762
0.1762
0.1762
0.1762
0.176187
0.17616
0.176133
0.176106
0.17608
0.176054
0.176028
0.176001
0.174178
0.1752
0.1752
0.1752
0.1752
0.1752
0.1752
0.1752
0.1752
0.1752
0.1752
0.175986
0.1752
0.176012
0.1752
0.1752
0.1752
0.1752
0.1752
0.1752
0.1752
0.1752
0.174128
0.174157
0.1752
0.1752
0.174184
0.17607
0.176096
0.176122
0.1762
0.176149
0.176175
0.1762
0.1762
0.1762
0.176017
0.176044
0.176039
0.174883
0.176039
0.176039
0.176039
0.176039
0.176039
0.176039
0.176039
0.176039
0.176039
0.176039
0.174999
0.175115
0.175233
0.175362
0.175488
0.175612
0.175709
0.175743
0.175776
0.175807
0.175838
0.175869
0.175898
0.175927
0.175955
0.175983
0.176011
0.174883
0.174883
0.174883
0.176011
0.175983
0.175955
0.175927
0.175898
0.175869
0.175838
0.175807
0.175776
0.175743
0.175709
0.175612
0.175488
0.175362
0.175233
0.175115
0.174999
0.175673
0.175711
0.175731
0.175749
0.175757
0.175771
0.175786
0.175802
0.175818
0.175836
0.175853
0.175869
0.175884
0.175898
0.175913
0.176002
0.17599
0.17597
0.175953
0.175935
0.175918
0.175901
0.175884
0.175867
0.175851
0.175883
0.175899
0.175914
0.175929
0.175944
0.175958
0.175972
0.175899
0.175914
0.17593
0.175945
0.17596
0.175975
0.175989
0.176001
0.17593
0.175961
0.175991
0.17602
0.175915
0.175932
0.175946
0.175947
0.175962
0.175977
0.175964
0.175972
0.175996
0.176007
0.175992
0.176015
0.175986
0.176015
0.175996
0.176016
0.176017
0.176017
0.176021
0.176022
0.175945
0.175976
0.17596
0.176005
0.175991
0.175976
0.176015
0.175992
0.176009
0.176017
0.17601
0.176018
0.175867
0.175883
0.175899
0.175914
0.175928
0.175942
0.175792
0.175809
0.175826
0.175841
0.175855
0.175869
0.175855
0.175872
0.175888
0.175894
0.175905
0.175942
0.175927
0.175912
0.175957
0.175941
0.175924
0.175971
0.175884
0.175899
0.175913
0.175887
0.175824
0.175841
0.175862
0.175874
0.175808
0.175777
0.175819
0.175837
0.175823
0.17579
0.175804
0.175835
0.175852
0.175776
0.175744
0.175762
0.175793
0.17576
0.175727
0.175164
0.175223
0.175293
0.175364
0.17544
0.175507
0.175563
0.17562
0.175678
0.175711
0.175728
0.175744
0.17576
0.175767
0.175732
0.175687
0.175777
0.175796
0.175814
0.175822
0.175763
0.175787
0.175802
0.175767
0.175749
0.17573
0.175748
0.175713
0.175784
0.175823
0.175839
0.175854
0.175839
0.175825
0.175809
0.175792
0.175869
0.175853
0.175883
0.175423
0.175488
0.175557
0.175629
0.175696
0.175716
0.17555
0.175751
0.175615
0.175736
0.175686
0.175721
0.175426
0.175566
0.175497
0.175629
0.175293
0.175358
0.175043
0.175108
0.175166
0.175219
0.175286
0.175366
0.175443
0.175403
0.175301
0.17523
0.175161
0.175098
0.175041
0.174964
0.175058
0.175006
0.175135
0.17523
0.175323
0.175
0.174987
0.175103
0.174975
0.175079
0.175194
0.175161
0.174963
0.175053
0.175124
0.175019
0.174985
0.175116
0.17499
0.175225
0.175355
0.175483
0.175608
0.175709
0.175418
0.175484
0.175552
0.175494
0.175423
0.175353
0.175289
0.175612
0.175546
0.175672
0.175166
0.175293
0.175421
0.175547
0.17567
0.175726
0.174883
0.1714
0.1714
0.174883
0.174883
0.174883
0.174883
0.174883
0.174883
0.174883
0.1715
0.171601
0.171701
0.171801
0.1719
0.171998
0.172096
0.172194
0.17229
0.172386
0.17248
0.172574
0.172666
0.172757
0.172848
0.172936
0.173024
0.173111
0.173197
0.17329
0.173383
0.173474
0.173564
0.173653
0.173741
0.173828
0.173914
0.173999
0.174083
0.174166
0.17423
0.174281
0.174332
0.174382
0.174432
0.174482
0.174531
0.174581
0.17463
0.174679
0.174766
0.1714
0.1714
0.1714
0.1714
0.1714
0.1714
0.1714
0.174766
0.174679
0.17463
0.174581
0.174531
0.174482
0.174432
0.174382
0.174332
0.174281
0.17423
0.174166
0.174083
0.173999
0.173914
0.173828
0.173741
0.173653
0.173564
0.173474
0.173383
0.17329
0.173197
0.173111
0.173024
0.172936
0.172848
0.172757
0.172666
0.172574
0.17248
0.172386
0.17229
0.172194
0.172096
0.171998
0.1719
0.171801
0.171701
0.171601
0.1715
0.173694
0.173648
0.1736
0.173551
0.173499
0.173446
0.173394
0.173343
0.173293
0.173244
0.172336
0.172381
0.172428
0.172474
0.172521
0.172568
0.172615
0.172663
0.17271
0.172893
0.17294
0.17299
0.173036
0.173077
0.173117
0.173158
0.173199
0.17298
0.172935
0.172891
0.172846
0.1728
0.172754
0.172709
0.172893
0.172985
0.17307
0.173024
0.172981
0.172937
0.173028
0.173154
0.173068
0.173112
0.172894
0.172801
0.172848
0.172755
0.172802
0.172941
0.172847
0.172525
0.17257
0.172615
0.172661
0.172708
0.172662
0.172754
0.172845
0.172891
0.172801
0.17271
0.172618
0.1728
0.172708
0.172754
0.172431
0.172476
0.172522
0.172568
0.172615
0.172661
0.173156
0.173198
0.173238
0.173274
0.173312
0.173353
0.173071
0.17312
0.173166
0.173184
0.173218
0.173259
0.173301
0.173249
0.172983
0.173205
0.173033
0.173166
0.173094
0.173129
0.173515
0.173466
0.173416
0.173365
0.173333
0.173375
0.173285
0.173242
0.173325
0.173424
0.173508
0.173605
0.173557
0.173457
0.173406
0.17224
0.17219
0.17214
0.172091
0.172042
0.171993
0.171944
0.171895
0.171847
0.172045
0.171995
0.171945
0.171895
0.171846
0.171795
0.171742
0.17169
0.171643
0.171947
0.171848
0.171896
0.171845
0.171797
0.171749
0.171694
0.171633
0.171582
0.171535
0.171747
0.171796
0.171644
0.171693
0.171745
0.171537
0.171586
0.17164
0.171699
0.171496
0.1716
0.171665
0.171582
0.171477
0.171509
0.171485
0.171516
0.171488
0.171993
0.171746
0.171894
0.171794
0.171844
0.171944
0.172093
0.172043
0.172143
0.172427
0.172332
0.172236
0.172139
0.172336
0.172381
0.172428
0.172474
0.172237
0.172333
0.172284
0.172188
0.172379
0.172286
0.172525
0.17257
0.172476
0.172431
0.172522
0.172618
0.17224
0.17219
0.17214
0.172091
0.172333
0.172237
0.172284
0.172379
0.172188
0.172286
0.172143
0.172045
0.171947
0.172092
0.171994
0.172042
0.174123
0.174164
0.174204
0.174229
0.174256
0.174282
0.174308
0.174333
0.174358
0.174383
0.174408
0.174659
0.174638
0.174616
0.174592
0.174569
0.174547
0.174527
0.174517
0.17449
0.174461
0.174434
0.174408
0.174559
0.174536
0.174513
0.174489
0.174466
0.174442
0.174415
0.174387
0.174359
0.174332
0.174307
0.174388
0.174334
0.17441
0.174462
0.174385
0.174438
0.174413
0.17436
0.174458
0.174509
0.174485
0.174434
0.174307
0.174255
0.174334
0.174282
0.174308
0.174361
0.174255
0.174204
0.17423
0.174281
0.174587
0.174357
0.174564
0.174541
0.174384
0.174518
0.174411
0.174496
0.17444
0.174475
0.174609
0.174458
0.174484
0.17451
0.174535
0.174556
0.174575
0.174596
0.17462
0.174644
0.174669
0.17469
0.174727
0.174725
0.174684
0.174656
0.174628
0.174601
0.174802
0.174694
0.174647
0.174707
0.174673
0.174767
0.174697
0.174798
0.174764
0.174787
0.174621
0.174646
0.174662
0.174678
0.174725
0.174771
0.174794
0.174606
0.174582
0.174557
0.174507
0.174533
0.174558
0.174581
0.174606
0.174632
0.174657
0.173699
0.173744
0.17379
0.173835
0.173877
0.173917
0.173956
0.173997
0.174038
0.17408
0.174123
0.173998
0.174081
0.174164
0.174229
0.174123
0.17404
0.173957
0.173873
0.174081
0.17404
0.174123
0.174204
0.174164
0.173999
0.173916
0.173958
0.173956
0.173914
0.173998
0.174081
0.17404
0.173785
0.17383
0.173871
0.174122
0.174203
0.174255
0.174307
0.174164
0.174203
0.174122
0.174039
0.17408
0.174229
0.174281
0.174255
0.174255
0.174281
0.174164
0.174204
0.174229
0.174307
0.174357
0.174332
0.173955
0.173911
0.173869
0.173828
0.173791
0.173769
0.17372
0.173668
0.173618
0.173569
0.173521
0.173869
0.173825
0.173782
0.17374
0.173699
0.173633
0.173579
0.173528
0.173478
0.17343
0.17354
0.173692
0.173595
0.173646
0.173782
0.173737
0.173436
0.173338
0.173386
0.173487
0.173838
0.173954
0.173913
0.173874
0.174039
0.173996
0.173705
0.173753
0.173799
0.17361
0.173657
0.171714
0.171363
0.174137
0.174166
0.174195
0.1752
0.1752
0.1752
0.1752
0.171813
0.171913
0.172012
0.17211
0.172206
0.172301
0.172395
0.172486
0.172576
0.172663
0.172748
0.17283
0.172911
0.172989
0.173065
0.173138
0.17321
0.173279
0.173347
0.173413
0.173477
0.173539
0.1736
0.17366
0.173718
0.173775
0.17383
0.173885
0.173939
0.173992
0.174045
0.174097
0.174148
0.174199
0.1752
0.1752
0.1752
0.171422
0.17148
0.171538
0.171597
0.171655
0.173999
0.173949
0.173899
0.173848
0.173797
0.173746
0.173694
0.173642
0.173589
0.173535
0.17348
0.173424
0.173367
0.173309
0.17325
0.173189
0.173126
0.173062
0.172997
0.172929
0.17286
0.172788
0.172714
0.172638
0.17256
0.17248
0.172397
0.172312
0.172225
0.172136
0.172045
0.171951
0.171856
0.171759
0.171661
0.171563
0.171463
0.173159
0.173194
0.173231
0.173268
0.173285
0.173313
0.173345
0.173378
0.17369
0.173722
0.173755
0.173787
0.173816
0.173844
0.173872
0.173899
0.173925
0.173661
0.173632
0.173603
0.173577
0.173561
0.173526
0.17349
0.173456
0.173569
0.173538
0.173507
0.173476
0.173443
0.173407
0.173374
0.173341
0.173348
0.173411
0.173289
0.173347
0.173282
0.173255
0.173315
0.173221
0.173319
0.173379
0.17341
0.173475
0.173443
0.173378
0.173443
0.173507
0.17363
0.173399
0.1736
0.17357
0.173433
0.173541
0.173469
0.173513
0.173845
0.173791
0.173738
0.173695
0.173652
0.1736
0.173546
0.173609
0.173666
0.173726
0.173786
0.173579
0.173634
0.173696
0.173759
0.173816
0.173725
0.173696
0.173664
0.173693
0.173636
0.173756
0.17367
0.173719
0.173769
0.173821
0.173873
0.173567
0.17362
0.173512
0.174174
0.17415
0.174128
0.174105
0.174083
0.174043
0.174011
0.17398
0.173952
0.173987
0.173962
0.173937
0.173914
0.173889
0.17386
0.173966
0.173993
0.17402
0.174049
0.173966
0.17394
0.173913
0.173992
0.174019
0.174071
0.174099
0.174046
0.174019
0.174074
0.174123
0.173806
0.173838
0.17387
0.173883
0.173906
0.173931
0.173956
0.173926
0.173749
0.173901
0.173782
0.173874
0.173848
0.173824
0.1752
0.1752
0.1752
0.1752
0.174193
0.174171
0.174145
0.174116
0.174086
0.174056
0.174027
0.173976
0.174004
0.174033
0.174064
0.174096
0.174127
0.174139
0.174159
0.174178
0.1742
0.1752
0.1752
0.1752
0.1752
0.1752
0.172705
0.172665
0.172627
0.172591
0.172555
0.172518
0.172064
0.172117
0.17217
0.17222
0.172267
0.172074
0.172032
0.171992
0.171965
0.17202
0.17192
0.171884
0.17185
0.171807
0.171521
0.171618
0.171578
0.171863
0.171764
0.171674
0.171809
0.171808
0.171636
0.171759
0.171731
0.171698
0.171714
0.171939
0.171978
0.171899
0.172085
0.172126
0.172177
0.172215
0.172312
0.172407
0.172496
0.172581
0.172355
0.172401
0.172446
0.172463
0.172513
0.172479
0.172438
0.172545
0.172267
0.172314
0.172373
0.172162
0.172258
0.172353
0.172445
0.172534
0.172621
0.172869
0.172909
0.172949
0.172989
0.173028
0.173063
0.173095
0.172871
0.172833
0.172793
0.172752
0.172751
0.172671
0.17279
0.172748
0.172788
0.172829
0.172709
0.172675
0.172597
0.172633
0.172713
0.172958
0.172941
0.172901
0.172914
0.172829
0.172881
0.17303
0.172966
0.172998
0.173243
0.173208
0.173173
0.173135
0.173097
0.173024
0.173061
0.173099
0.173099
0.173135
0.173172
0.173062
0.172986
0.172948
0.173025
0.173129
0.173167
0.173215
0.173245
0.173278
0.173312
0.177713
0.1822
0.177713
0.177713
0.177713
0.177713
0.177713
0.177775
0.177838
0.1779
0.177963
0.178026
0.178089
0.178153
0.178208
0.178241
0.178274
0.178307
0.17834
0.178374
0.178408
0.178442
0.178476
0.178511
0.178546
0.178581
0.178617
0.178653
0.17869
0.178742
0.178801
0.178861
0.178921
0.178983
0.179045
0.179108
0.179172
0.179237
0.179303
0.17937
0.179439
0.179508
0.179579
0.17965
0.179724
0.179798
0.179873
0.17995
0.180028
0.180108
0.180189
0.180272
0.180358
0.180445
0.180533
0.180623
0.180714
0.180806
0.1809
0.180995
0.18109
0.181188
0.181286
0.181385
0.181485
0.181585
0.181687
0.181789
0.181891
0.181994
0.182097
0.1822
0.1822
0.1822
0.1822
0.1822
0.1822
0.1822
0.182097
0.181994
0.181891
0.181789
0.181687
0.181585
0.181485
0.181385
0.181286
0.181188
0.18109
0.180995
0.1809
0.180806
0.180714
0.180623
0.180533
0.180445
0.180358
0.180272
0.180189
0.180108
0.180028
0.17995
0.179873
0.179798
0.179724
0.17965
0.179579
0.179508
0.179439
0.17937
0.179303
0.179237
0.179172
0.179108
0.179045
0.178983
0.178921
0.178861
0.178801
0.178742
0.17869
0.178653
0.178617
0.178581
0.178546
0.178511
0.178476
0.178442
0.178408
0.178374
0.17834
0.178307
0.178274
0.178241
0.178208
0.178153
0.178089
0.178026
0.177963
0.1779
0.177838
0.177775
0.179403
0.179366
0.179331
0.179301
0.179273
0.179242
0.179209
0.179175
0.179141
0.179107
0.179076
0.179045
0.179014
0.178291
0.178308
0.178325
0.178343
0.17836
0.178379
0.178398
0.178417
0.178437
0.178455
0.178474
0.178492
0.178509
0.178527
0.178545
0.178563
0.178891
0.178859
0.178827
0.178794
0.178761
0.178728
0.178698
0.178678
0.178658
0.178639
0.178619
0.1786
0.178582
0.178564
0.17864
0.178602
0.178564
0.178527
0.17849
0.178453
0.178546
0.178564
0.178581
0.178597
0.178606
0.178627
0.178649
0.17867
0.17877
0.178738
0.178704
0.17868
0.178659
0.178639
0.178621
0.178583
0.178711
0.178601
0.178686
0.178619
0.178663
0.178636
0.178732
0.178798
0.178765
0.17883
0.178679
0.178699
0.178659
0.178544
0.178562
0.178527
0.178491
0.178527
0.178545
0.178509
0.178509
0.178473
0.178579
0.178613
0.178594
0.178577
0.178561
0.178598
0.178633
0.178493
0.178474
0.178454
0.178435
0.178427
0.178413
0.17847
0.178487
0.178506
0.178526
0.178545
0.178434
0.178449
0.178464
0.178489
0.178509
0.178528
0.178601
0.178563
0.178526
0.178507
0.178545
0.178583
0.17862
0.178544
0.178582
0.178563
0.178424
0.178407
0.178391
0.178376
0.178422
0.17844
0.178458
0.178394
0.178407
0.178358
0.178341
0.178374
0.178391
0.178358
0.178324
0.179141
0.179109
0.179078
0.179045
0.179012
0.178978
0.178943
0.178907
0.178872
0.178839
0.178808
0.178777
0.178746
0.178715
0.178636
0.178655
0.178675
0.178694
0.178722
0.178753
0.178785
0.178818
0.178852
0.178885
0.178919
0.178951
0.178983
0.179014
0.179077
0.179046
0.179014
0.178982
0.178948
0.178914
0.17888
0.178846
0.178813
0.17878
0.178749
0.178719
0.178692
0.178673
0.1786
0.178619
0.178638
0.178657
0.178676
0.178696
0.178725
0.178757
0.17879
0.178823
0.178856
0.178889
0.178921
0.178952
0.17927
0.179237
0.179206
0.179174
0.179142
0.179109
0.179074
0.179038
0.178996
0.178977
0.178952
0.178923
0.178892
0.178893
0.178865
0.178895
0.178931
0.17897
0.179008
0.179043
0.179077
0.179109
0.179142
0.179173
0.179205
0.178944
0.178921
0.178833
0.178805
0.178863
0.178835
0.178774
0.179141
0.179238
0.179302
0.179269
0.179336
0.179207
0.179175
0.179012
0.179071
0.17904
0.179107
0.178953
0.178983
0.177932
0.177965
0.177996
0.178027
0.178057
0.178087
0.178117
0.178149
0.178182
0.178208
0.178226
0.178243
0.17826
0.178276
0.178292
0.1778
0.177837
0.177874
0.177907
0.177936
0.177964
0.177993
0.178023
0.178054
0.178087
0.178121
0.178155
0.178187
0.17821
0.178226
0.178242
0.178258
0.178021
0.177994
0.177978
0.177933
0.177911
0.177859
0.177826
0.177797
0.177945
0.177875
0.177816
0.177757
0.177876
0.177843
0.177812
0.177782
0.177752
0.177855
0.177811
0.177781
0.177753
0.177809
0.177759
0.177755
0.177771
0.177904
0.177932
0.17796
0.177987
0.177872
0.177842
0.1779
0.177923
0.177871
0.177764
0.177765
0.17782
0.177764
0.177819
0.177878
0.177815
0.177866
0.17776
0.177753
0.177805
0.177776
0.177765
0.177874
0.177934
0.178124
0.178092
0.17806
0.178027
0.177994
0.177996
0.177967
0.17803
0.178061
0.178029
0.178
0.178057
0.178091
0.177896
0.177963
0.17793
0.177864
0.177932
0.178185
0.178154
0.178123
0.178155
0.178187
0.178209
0.178225
0.178122
0.178058
0.178091
0.178118
0.177966
0.178055
0.178025
0.177996
0.178086
0.177902
0.177935
0.177868
0.178226
0.178185
0.17821
0.178152
0.178259
0.178243
0.178275
0.178475
0.17844
0.178405
0.178371
0.178336
0.178303
0.17827
0.178238
0.178206
0.17815
0.178088
0.178288
0.178306
0.178323
0.178339
0.178373
0.178407
0.178441
0.178476
0.17851
0.178492
0.178458
0.178423
0.178389
0.178355
0.178321
0.178357
0.17839
0.178424
0.178459
0.178493
0.178528
0.17812
0.178152
0.178184
0.178207
0.17824
0.178272
0.178223
0.178182
0.178255
0.178257
0.178224
0.17829
0.178058
0.178089
0.178027
0.177995
0.178058
0.178121
0.178387
0.178368
0.178349
0.178329
0.178311
0.178294
0.178277
0.178223
0.178237
0.178245
0.178264
0.178284
0.178242
0.178257
0.178272
0.178297
0.178317
0.178312
0.178276
0.178293
0.178259
0.178352
0.178333
0.178179
0.178204
0.178221
0.178219
0.178234
0.178252
0.178206
0.178179
0.178148
0.178118
0.178382
0.178347
0.17842
0.178384
0.178422
0.178457
0.178438
0.178403
0.178401
0.178365
0.178311
0.178345
0.178327
0.178309
0.178293
0.178363
0.178328
0.18067
0.180627
0.180585
0.180545
0.180508
0.180471
0.180433
0.180394
0.180355
0.180314
0.180385
0.180299
0.180214
0.180133
0.180057
0.179982
0.179909
0.179834
0.179759
0.179684
0.179609
0.179534
0.179459
0.179385
0.179313
0.179244
0.179944
0.179908
0.179872
0.179836
0.179799
0.179761
0.18025
0.180199
0.180153
0.180111
0.18007
0.18032
0.180367
0.180414
0.180461
0.180327
0.18024
0.180234
0.18028
0.180194
0.180151
0.180423
0.180337
0.180375
0.180288
0.180493
0.18054
0.180453
0.180406
0.180499
0.180581
0.179913
0.179951
0.179988
0.180021
0.180041
0.180086
0.180015
0.179979
0.179947
0.179911
0.179874
0.179836
0.17999
0.180164
0.18003
0.180105
0.180068
0.179421
0.179456
0.179495
0.179537
0.179576
0.179614
0.179571
0.179609
0.179648
0.179686
0.179724
0.179797
0.17976
0.179723
0.179761
0.179798
0.179834
0.179871
0.179685
0.179722
0.179647
0.179496
0.179533
0.179572
0.179612
0.17965
0.179687
0.179278
0.17931
0.179338
0.179355
0.179393
0.179433
0.179471
0.179348
0.179542
0.179381
0.179504
0.179412
0.179462
0.179687
0.179649
0.17961
0.179572
0.179948
0.179987
0.180028
0.180068
0.17995
0.179874
0.179798
0.179723
0.17976
0.179797
0.179911
0.179836
0.179872
0.179647
0.179722
0.179685
0.179912
0.179836
0.179761
0.179989
0.180309
0.180225
0.180144
0.180065
0.180179
0.180262
0.180347
0.180023
0.1801
0.180186
0.180229
0.180148
0.180106
0.18027
0.179278
0.17931
0.17934
0.179357
0.179396
0.17927
0.179239
0.179207
0.179174
0.179273
0.179302
0.179333
0.179209
0.179242
0.179109
0.179174
0.179141
0.179077
0.179205
0.179141
0.179421
0.179457
0.179497
0.179539
0.179348
0.179466
0.179382
0.179414
0.179574
0.179534
0.179496
0.179613
0.181437
0.181388
0.18134
0.181291
0.181241
0.181192
0.181143
0.181093
0.181044
0.181843
0.181793
0.181742
0.181691
0.18164
0.18159
0.181539
0.181488
0.181437
0.181948
0.181898
0.181845
0.181792
0.18174
0.18169
0.18164
0.181589
0.181537
0.181638
0.18169
0.18174
0.182058
0.182005
0.181953
0.181894
0.181839
0.181791
0.181742
0.181793
0.181843
0.181845
0.181899
0.181949
0.181891
0.181953
0.182009
0.18206
0.181994
0.182102
0.181925
0.182009
0.18213
0.182067
0.182106
0.182081
0.18211
0.181638
0.181589
0.181539
0.181489
0.18144
0.18139
0.18134
0.181289
0.181239
0.18154
0.18174
0.18164
0.18169
0.18159
0.181388
0.181439
0.181489
0.181337
0.18134
0.181488
0.181439
0.18139
0.181537
0.181191
0.181241
0.181291
0.181141
0.180997
0.180948
0.180898
0.180846
0.180797
0.180753
0.18071
0.180667
0.180854
0.180807
0.180759
0.180709
0.180661
0.180642
0.180608
0.180569
0.180529
0.180488
0.1804
0.180441
0.180481
0.18052
0.180556
0.18059
0.180627
0.18067
0.180716
0.180761
0.180948
0.180901
0.180853
0.1808
0.180736
0.180699
0.18066
0.180619
0.180576
0.18085
0.180947
0.181045
0.181142
0.181241
0.181093
0.181044
0.180853
0.1809
0.180996
0.180948
0.180804
0.180759
0.181238
0.181191
0.181289
0.181337
0.181141
0.181094
0.181045
0.180996
0.181045
0.181094
0.181143
0.181192
0.180946
0.180996
0.180897
