3000
0.768305
0.742845
0.783996
0.76455
0.745673
0.717886
0.69422
0.711489
0.719974
0.734303
0.743526
0.746643
0.749314
0.750724
0.752048
0.751742
0.751212
0.750108
0.748849
0.748263
0.746225
0.744802
0.738346
0.732703
0.725436
0.696684
0.669109
0.62762
0.364924
0.898661
0.699384
0.633214
0.563756
0.482226
0.463835
0.409954
0.397607
0.375407
0.365344
0.355154
0.348564
0.343351
0.339381
0.336598
0.334522
0.333298
0.332684
0.332688
0.333155
0.334087
0.335392
0.336808
0.339228
0.363546
0.436241
0.52493
0.605917
0.666338
0.706573
0.731706
0.746627
0.754521
0.757698
0.757661
0.755683
0.7526
0.728134
0.737438
0.748693
0.760168
0.770036
0.7773
0.779076
0.771776
0.750552
0.707298
0.629592
0.526649
0.420815
0.771792
0.763744
0.755257
0.746745
0.739014
0.764409
0.766462
0.764152
0.758999
0.752373
0.745562
0.7572
0.76329
0.769336
0.770764
0.774333
0.769996
0.764589
0.744059
0.749097
0.741287
0.735381
0.753812
0.758954
0.762648
0.758604
0.762746
0.758196
0.752177
0.760444
0.754387
0.755429
0.75107
0.748818
0.75942
0.381644
0.469512
0.565882
0.648141
0.70299
0.736437
0.665073
0.605184
0.48375
0.504316
0.403743
0.392181
0.585853
0.732887
0.717164
0.747974
0.760007
0.683675
0.61817
0.550755
0.445074
0.455847
0.374285
0.368159
0.537159
0.689587
0.677233
0.715804
0.725689
0.631737
0.465664
0.59492
0.689996
0.754594
0.784307
0.791005
0.78714
0.775559
0.761339
0.745604
0.730998
0.718687
0.708593
0.80103
0.8277
0.818825
0.817965
0.805452
0.795557
0.769261
0.757588
0.742823
0.805794
0.789599
0.765231
0.788639
0.833216
0.813796
0.809624
0.826306
0.86085
0.772592
0.784753
0.778227
0.795622
0.738519
0.734156
0.723249
0.716754
0.707448
0.75157
0.624271
0.676468
0.749799
0.780254
0.614189
0.550722
0.507312
0.727824
0.685005
0.805843
0.770687
0.72596
0.804744
0.779772
0.798085
0.784745
0.78263
0.768069
0.731978
0.663106
0.551228
0.442364
0.719321
0.728801
0.741062
0.754411
0.767273
0.778131
0.355773
0.40953
0.482425
0.556277
0.618562
0.665032
0.696998
0.717999
0.731446
0.739867
0.744956
0.747943
0.749655
0.701626
0.706815
0.712377
0.71822
0.724665
0.683127
0.63869
0.576135
0.498382
0.417756
0.355864
0.492124
0.561974
0.631197
0.624445
0.670466
0.676484
0.568458
0.411338
0.414052
0.355039
0.354903
0.4868
0.514955
0.584825
0.656324
0.647018
0.690363
0.698122
0.594538
0.42264
0.428677
0.360003
0.357473
0.505989
0.752721
0.752802
0.751673
0.748431
0.741965
0.730779
0.745526
0.747189
0.751249
0.749611
0.750845
0.751893
0.749421
0.73481
0.738385
0.726328
0.721959
0.742655
0.754738
0.753906
0.755083
0.75412
0.753089
0.75315
0.755966
0.745909
0.750251
0.740989
0.735565
0.751543
0.747527
0.744998
0.741235
0.735294
0.725804
0.711055
0.688559
0.655422
0.60919
0.546992
0.470939
0.418125
0.3596
0.740738
0.737892
0.734012
0.728399
0.720105
0.707589
0.694415
0.700757
0.704221
0.678193
0.642836
0.609436
0.607223
0.463261
0.540331
0.579283
0.504067
0.401789
0.657501
0.680351
0.684484
0.650803
0.726784
0.715429
0.725922
0.732864
0.736786
0.717594
0.743624
0.742083
0.740497
0.739094
0.744152
0.745374
0.74654
0.741984
0.742991
0.735549
0.737441
0.739418
0.730557
0.732944
0.72292
0.69273
0.714515
0.728571
0.737465
0.742963
0.746347
0.748615
0.357613
0.409915
0.47828
0.551338
0.613332
0.660096
0.651371
0.404248
0.342602
0.702373
0.727843
0.739503
0.752063
0.751849
0.749676
0.747347
0.745597
0.743751
0.654429
0.657094
0.660373
0.664027
0.672874
0.677778
0.686715
0.689236
0.690396
0.777247
0.776625
0.775838
0.774701
0.773184
0.771359
0.768951
0.766079
0.762403
0.757929
0.752507
0.74597
0.73852
0.729785
0.719438
0.708204
0.695289
0.681376
0.666779
0.77779
0.777934
0.777808
0.776693
0.775111
0.756832
0.743959
0.727656
0.70244
0.474426
0.341862
0.347183
0.349225
0.352994
0.359452
0.360764
0.363085
0.371783
0.378593
0.387292
0.387176
0.394512
0.714294
0.569821
0.498234
0.423702
0.77613
0.775402
0.774453
0.773266
0.771698
0.768294
0.764941
0.761246
0.757186
0.75324
0.749732
0.746611
0.744242
0.754616
0.758507
0.761171
0.763128
0.764274
0.76353
0.760816
0.756295
0.750235
0.742988
0.734243
0.723039
0.709651
0.695952
0.682205
0.668339
0.749002
0.752234
0.754507
0.757089
0.758683
0.75997
0.75968
0.757164
0.752191
0.744938
0.735684
0.724464
0.714288
0.703497
0.689564
0.67511
0.707894
0.69947
0.689161
0.741847
0.738213
0.734001
0.729297
0.722697
0.71174
0.701311
0.734553
0.739202
0.754821
0.751754
0.748993
0.745793
0.741953
0.749793
0.751204
0.757272
0.754248
0.751855
0.754673
0.752088
0.756127
0.753748
0.751762
0.754573
0.750115
0.749154
0.747087
0.750909
0.75739
0.752089
0.752619
0.751549
0.748564
0.744808
0.746523
0.743074
0.73885
0.749529
0.724347
0.730299
0.713152
0.701482
0.720824
0.72733
0.720225
0.696753
0.709589
0.714328
0.722202
0.706278
0.716625
0.705016
0.693235
0.699811
0.73176
0.679165
0.683921
0.693962
0.754383
0.751429
0.755144
0.758032
0.760385
0.762185
0.761722
0.759099
0.671497
0.7478
0.73941
0.729007
0.714898
0.699941
0.685785
0.664632
0.676933
0.690011
0.702601
0.714093
0.725159
0.735249
0.74364
0.750584
0.756689
0.76187
0.765838
0.768259
0.769475
0.76948
0.768078
0.765239
0.769341
0.770201
0.771129
0.772137
0.773155
0.774011
0.774861
0.775601
0.776275
0.776807
0.777254
0.777578
0.767785
0.765294
0.762634
0.760229
0.758549
0.755453
0.764255
0.758922
0.76097
0.753163
0.755591
0.757872
0.746722
0.749274
0.75216
0.755137
0.730912
0.736778
0.744283
0.7495
0.752368
0.750186
0.720923
0.727324
0.734683
0.743702
0.731889
0.711406
0.716225
0.723541
0.711319
0.702342
0.697741
0.687077
0.675237
0.739611
0.74346
0.767315
0.767526
0.766242
0.765221
0.764121
0.770109
0.768877
0.76792
0.767334
0.76646
0.770079
0.77203
0.773599
0.771185
0.773043
0.774624
0.772521
0.773948
0.774998
0.776044
0.775442
0.776521
0.777076
0.774173
0.775543
0.771832
0.770969
0.768708
0.769914
0.769215
0.772716
0.760444
0.762957
0.764407
0.762276
0.777658
0.777317
0.776862
0.77632
0.775668
0.774974
0.774211
0.773411
0.772552
0.771718
0.770757
0.77753
0.77716
0.776671
0.776091
0.775433
0.774754
0.773964
0.773182
0.772203
0.771041
0.772935
0.770272
0.7771
0.776628
0.776027
0.775325
0.774518
0.77374
0.771805
0.768116
0.771764
0.770129
0.758105
0.75449
0.692578
0.71825
0.740568
0.739047
0.748103
0.752431
0.745692
0.730982
0.70554
0.665973
0.679273
0.762458
0.765209
0.766076
0.765092
0.764402
0.762032
0.758257
0.759945
0.76185
0.764109
0.766785
0.765415
0.767695
0.767356
0.59873
0.636278
0.666317
0.683314
0.687233
0.704698
0.715532
0.723249
0.72966
0.735348
0.740855
0.746429
0.751808
0.77005
0.767595
0.76434
0.760266
0.755418
0.750422
0.745516
0.740863
0.736297
0.73242
0.729057
0.727144
0.72423
0.733036
0.709545
0.721108
0.715117
0.72742
0.668753
0.704792
0.689487
0.713313
0.748705
0.75868
0.753889
0.762829
0.743523
0.738363
0.774063
0.772748
0.771006
0.768698
0.765227
0.760867
0.756266
0.751752
0.747437
0.743662
0.740512
0.73786
0.736066
0.737922
0.731508
0.724972
0.717928
0.710027
0.698873
0.682435
0.657615
0.61788
0.577653
0.556377
0.48268
0.439598
0.393075
0.719371
0.686955
0.709827
0.542608
0.572269
0.607404
0.641447
0.674747
0.43068
0.548448
0.60522
0.650286
0.496998
0.561807
0.617686
0.481097
0.395934
0.565504
0.493851
0.523707
0.433368
0.394849
0.416095
0.437232
0.39144
0.370514
0.381576
0.49531
0.470154
0.691278
0.700727
0.667038
0.623522
0.664098
0.627976
0.594931
0.547226
0.497493
0.646114
0.691508
0.990116
0.65154
0.65258
0.668212
0.682621
0.903368
0.850244
0.808923
0.732684
0.706757
0.699844
0.237485
0.289691
0.35762
0.411532
0.463615
0.491551
0.522421
0.554761
0.597341
0.725448
0.839931
0.478902
0.476047
0.455339
0.435822
0.424784
0.635321
0.619003
0.602606
0.586408
0.570437
0.555312
0.540906
0.52716
0.514655
0.503126
0.492442
0.662039
0.650015
0.636338
0.620348
0.602818
0.584815
0.566008
0.546245
0.525483
0.503649
0.480939
0.457589
0.433508
0.407285
0.378402
0.775365
0.719139
0.666547
0.624478
0.588254
0.561192
0.541607
0.530001
0.522878
0.514544
0.490339
0.465738
0.44067
0.414289
0.386022
0.355643
0.792526
0.726451
0.680277
0.629029
0.588339
0.55598
0.531162
0.511008
0.499556
0.495681
0.457066
0.47014
0.502102
0.432618
0.413701
0.401163
0.407468
0.379314
0.327146
0.359208
0.404824
0.383719
0.30808
0.46768
0.445279
0.478751
0.43486
0.46754
0.437992
0.483867
0.506391
0.516087
0.547207
0.553373
0.590463
0.593692
0.640293
0.699176
0.52773
0.677533
0.662089
0.643316
0.622343
0.598565
0.571464
0.690517
0.670054
0.646631
0.618833
0.702401
0.683158
0.656154
0.754433
0.726218
0.698944
0.64278
0.681619
0.663719
0.591273
0.618782
0.601803
0.617914
0.632431
0.646833
0.635883
0.650012
0.659629
0.671354
0.620515
0.666572
0.640156
0.654478
0.676919
0.662966
0.649199
0.662951
0.675179
0.582043
0.574421
0.559454
0.610576
0.613796
0.589846
0.597786
0.628334
0.538008
0.549021
0.560656
0.449261
0.464253
0.479718
0.495817
0.511732
0.527162
0.541909
0.556289
0.570553
0.584757
0.599002
0.613171
0.627058
0.640744
0.467014
0.479444
0.492393
0.50555
0.518424
0.531083
0.543781
0.556519
0.569434
0.582366
0.595565
0.608892
0.622416
0.636566
0.473315
0.478396
0.485218
0.491568
0.500271
0.509358
0.52016
0.531934
0.543812
0.548538
0.544835
0.544097
0.556193
0.555956
0.568422
0.555716
0.567095
0.580974
0.562593
0.579085
0.594023
0.620258
0.606833
0.593551
0.520607
0.533183
0.518237
0.510476
0.504168
0.53234
0.489107
0.486184
0.482687
0.489655
0.497266
0.494036
0.501389
0.509156
0.497629
0.520388
0.511661
0.531781
0.520378
0.507621
0.459455
0.472966
0.487143
0.501425
0.51561
0.529498
0.543077
0.556612
0.570128
0.583685
0.597262
0.610886
0.624562
0.63843
0.551641
0.553596
0.554799
0.555555
0.472667
0.480858
0.492591
0.533543
0.53964
0.539242
0.540461
0.507502
0.50069
0.524694
0.522262
0.513426
0.489689
0.440843
0.442642
0.451986
0.461336
0.455802
0.472128
0.422475
0.415092
0.431615
0.585407
0.601118
0.617216
0.633474
0.616657
0.63408
0.647561
0.630088
0.615457
0.6003
0.643761
0.6467
0.657881
0.632072
0.652663
0.644603
0.585733
0.585817
0.585758
0.570322
0.569617
0.56868
0.570515
0.601741
0.602497
0.618568
0.175812
0.389072
0.335425
0.328969
0.385963
0.437514
0.642941
0.40479
0.426476
0.449358
0.479223
0.514436
0.554999
0.610549
0.656648
0.825489
0.334398
0.334105
0.355465
0.372359
0.26082
0.293059
0.299896
0.315671
0.323279
0.329696
0.332905
0.265287
0.287397
0.302451
0.331021
0.351443
0.374538
0.396925
0.420905
0.443779
0.462418
0.487086
0.499367
0.258974
0.290197
0.31479
0.340959
0.367164
0.39132
0.4164
0.441895
0.470619
0.493519
0.521416
0.553225
0.579267
0.524256
0.557717
0.601157
0.642259
0.699699
0.660931
0.500455
0.537161
0.517276
0.438048
0.421728
0.403316
0.385358
0.366952
0.353326
0.336374
0.325357
0.311722
0.307016
0.309797
0.327971
0.325828
0.323503
0.327169
0.335867
0.342609
0.351553
0.362304
0.372395
0.384487
0.395542
0.31921
0.414971
0.321263
0.325277
0.401124
0.33
0.386066
0.337701
0.348524
0.37295
0.35833
0.331146
0.331089
0.335474
0.337522
0.332878
0.310758
0.328663
0.341515
0.466122
0.362247
0.379793
0.449029
0.402143
0.428309
0.301934
0.308518
0.482779
0.424879
0.482417
0.481141
0.472467
0.468253
0.462434
0.446424
0.408487
0.390634
0.365892
0.303374
0.424285
0.423602
0.422791
0.42175
0.420511
0.418946
0.417045
0.414792
0.411949
0.408376
0.403596
0.398252
0.388772
0.381957
0.360049
0.348163
0.308965
0.427023
0.426696
0.425534
0.474479
0.467036
0.460395
0.45461
0.449599
0.445178
0.441399
0.438164
0.435482
0.433216
0.431393
0.430066
0.429052
0.428311
0.427778
0.427404
0.427152
0.430603
0.430878
0.431096
0.431221
0.430398
0.429112
0.427312
0.424901
0.42203
0.417678
0.414534
0.406917
0.402675
0.393223
0.386371
0.471597
0.467078
0.460494
0.454519
0.44847
0.442319
0.436872
0.431183
0.426434
0.421485
0.421853
0.416398
0.41063
0.397944
0.392427
0.369491
0.362537
0.427698
0.422674
0.416416
0.40699
0.400273
0.375364
0.363788
0.312417
0.429827
0.433529
0.436989
0.442824
0.43373
0.440613
0.436785
0.446658
0.445091
0.441764
0.453168
0.451249
0.453305
0.447344
0.458064
0.466842
0.461356
0.470316
0.466412
0.47299
0.474984
0.462939
0.455942
0.460047
0.423535
0.425947
0.418271
0.430715
0.419909
0.405775
0.348276
0.395307
0.379811
0.42403
0.41026
0.39617
0.417956
0.410312
0.406703
0.393153
0.388174
0.371584
0.436629
0.437434
0.437807
0.437524
0.43596
0.434275
0.44314
0.444549
0.445912
0.445016
0.444238
0.457309
0.453447
0.449574
0.459325
0.454389
0.449172
0.463839
0.447192
0.448606
0.451846
0.438963
0.43961
0.440659
0.441712
0.440625
0.434736
0.432681
0.428169
0.432083
0.433657
0.43178
0.430413
0.425566
0.429424
0.434789
0.43266
0.432934
0.435078
0.43419
0.432145
0.427521
0.427502
0.427377
0.427048
0.426533
0.425847
0.424787
0.423553
0.42184
0.41997
0.417913
0.415775
0.413675
0.424837
0.42446
0.424687
0.41314
0.413023
0.412838
0.414719
0.415669
0.416665
0.419334
0.419747
0.422666
0.421028
0.418457
0.422872
0.421831
0.406631
0.405833
0.405652
0.411605
0.410029
0.409875
0.410483
0.401155
0.401373
0.394948
0.428588
0.428659
0.428586
0.428224
0.427396
0.426218
0.429457
0.426588
0.429604
0.428197
0.429621
0.429379
0.427869
0.426962
0.4275
0.4259
0.427971
0.427977
0.424061
0.423883
0.423799
0.423914
0.424125
0.424503
0.425073
0.425762
0.426247
0.426758
0.427054
0.427161
0.427214
0.424843
0.424397
0.424942
0.424716
0.424966
0.425363
0.425361
0.425804
0.425422
0.426205
0.425966
0.425697
0.426289
0.426495
0.426404
0.426649
0.426798
0.427008
0.424356
0.424543
0.423124
0.422187
0.421021
0.419631
0.417818
0.422134
0.422309
0.422746
0.423995
0.423479
0.423194
0.423062
0.421286
0.420983
0.419549
0.423285
0.422382
0.421267
0.419885
0.418205
0.416124
0.427073
0.431068
0.431068
0.426881
0.426416
0.426124
0.425818
0.425289
0.42508
0.424903
0.431039
0.430862
0.430717
0.430578
0.430432
0.430294
0.430154
0.430017
0.42988
0.429743
0.429607
0.429471
0.429335
0.4292
0.429065
0.428932
0.4288
0.428669
0.428542
0.428404
0.42826
0.428122
0.427986
0.427853
0.427723
0.427594
0.427466
0.427338
0.427205
0.427072
0.426944
0.426871
0.426785
0.426689
0.426578
0.426452
0.426308
0.426137
0.425939
0.425704
0.425376
0.431068
0.431068
0.431068
0.431068
0.431068
0.431068
0.431068
0.427016
0.426927
0.426856
0.426825
0.426822
0.426839
0.426868
0.426904
0.426944
0.42699
0.427032
0.427137
0.427253
0.427373
0.427493
0.427614
0.427738
0.427864
0.427994
0.428128
0.428266
0.428408
0.428546
0.428672
0.428802
0.428934
0.429067
0.429202
0.429337
0.429473
0.429609
0.429745
0.429882
0.430019
0.430156
0.430296
0.430435
0.430579
0.430719
0.430866
0.43104
0.427788
0.427858
0.427932
0.428009
0.428086
0.428166
0.428245
0.428321
0.428397
0.42847
0.42979
0.429734
0.429674
0.429608
0.42954
0.42947
0.429404
0.429327
0.429254
0.428984
0.428917
0.428849
0.42878
0.428719
0.428659
0.428598
0.428535
0.428856
0.428925
0.428996
0.429065
0.429131
0.429198
0.429268
0.428994
0.428856
0.428729
0.428793
0.428861
0.428929
0.428793
0.428598
0.428726
0.428661
0.428991
0.42913
0.429055
0.429192
0.429119
0.428921
0.42906
0.429523
0.429464
0.429404
0.429338
0.429268
0.429329
0.429194
0.429059
0.428989
0.429122
0.429255
0.429389
0.429132
0.429268
0.429202
0.429657
0.429599
0.429539
0.429473
0.429404
0.429335
0.428594
0.428534
0.428482
0.42843
0.42837
0.428307
0.42872
0.428649
0.428583
0.42856
0.42851
0.428453
0.42839
0.428467
0.42885
0.428531
0.428779
0.428587
0.428693
0.42864
0.428055
0.428129
0.42821
0.428288
0.42833
0.428267
0.428406
0.42847
0.428347
0.428192
0.42807
0.42792
0.427993
0.428148
0.428227
0.429924
0.430002
0.430082
0.430144
0.430215
0.430285
0.430353
0.430415
0.430464
0.430191
0.430273
0.430356
0.430415
0.430488
0.430563
0.430633
0.430708
0.430751
0.430326
0.430464
0.430411
0.430493
0.430555
0.430616
0.430707
0.430791
0.430847
0.43089
0.430598
0.430551
0.430749
0.430702
0.430637
0.430889
0.430836
0.430783
0.430689
0.431003
0.430816
0.430751
0.430846
0.431047
0.430976
0.431036
0.430976
0.431028
0.430279
0.4306
0.430422
0.430559
0.430491
0.430351
0.430137
0.430217
0.430057
0.429675
0.429809
0.429944
0.430079
0.42979
0.429732
0.429676
0.429605
0.429946
0.429811
0.429874
0.430009
0.42974
0.429867
0.429522
0.429463
0.429598
0.429656
0.429541
0.429388
0.429924
0.430004
0.430079
0.430149
0.429809
0.429944
0.429878
0.429743
0.430013
0.429869
0.430058
0.430192
0.430327
0.430139
0.430276
0.430214
0.427195
0.427131
0.427067
0.427012
0.426972
0.426933
0.426879
0.426822
0.426763
0.426699
0.426635
0.425809
0.425957
0.426111
0.426266
0.426395
0.426522
0.426617
0.426686
0.426747
0.426804
0.426847
0.42688
0.426222
0.426327
0.426427
0.426528
0.42662
0.426708
0.426783
0.426846
0.426896
0.426931
0.426964
0.426788
0.426862
0.426664
0.426554
0.426736
0.426639
0.426717
0.426804
0.426518
0.426381
0.426468
0.426592
0.426946
0.426994
0.426902
0.426962
0.426915
0.426853
0.427007
0.427075
0.427026
0.426981
0.426159
0.42692
0.426277
0.426405
0.426887
0.426514
0.426847
0.426615
0.42679
0.426707
0.426038
0.426847
0.426812
0.42677
0.426711
0.42664
0.426537
0.426422
0.426276
0.426097
0.425905
0.425729
0.425519
0.426972
0.426851
0.426739
0.426648
0.426588
0.426316
0.426479
0.426534
0.426235
0.426139
0.425934
0.425926
0.425682
0.425602
0.425411
0.426472
0.426316
0.4264
0.426631
0.426775
0.426584
0.426893
0.426738
0.426783
0.426814
0.426822
0.42679
0.426745
0.426676
0.426829
0.426799
0.426875
0.427794
0.427727
0.427663
0.427599
0.427537
0.427475
0.427413
0.42735
0.42728
0.427209
0.427141
0.427356
0.427232
0.427108
0.426992
0.427191
0.427307
0.427425
0.427545
0.427243
0.4273
0.42718
0.427051
0.427122
0.427365
0.427482
0.427419
0.427429
0.427486
0.427369
0.427249
0.427311
0.42767
0.427606
0.427549
0.427152
0.427013
0.426921
0.426847
0.427091
0.427032
0.427166
0.42729
0.42722
0.42697
0.426903
0.426946
0.426907
0.426879
0.427075
0.427001
0.426951
0.42683
0.426739
0.426792
0.427402
0.427468
0.427536
0.427599
0.427656
0.427689
0.427762
0.427839
0.427912
0.427982
0.428052
0.42753
0.427596
0.427664
0.427729
0.427791
0.427888
0.427969
0.428044
0.428115
0.428188
0.428026
0.427796
0.427944
0.427867
0.427658
0.427726
0.428181
0.428326
0.428253
0.428105
0.42759
0.427408
0.427474
0.427535
0.427272
0.427341
0.427785
0.427717
0.427649
0.427921
0.427852
0.345417
0.345417
0.333478
0.334778
0.338048
0.342688
0.348373
0.363178
0.380943
0.345295
0.345123
0.344956
0.344805
0.344658
0.344527
0.344399
0.344274
0.344157
0.344048
0.343945
0.343845
0.343748
0.343662
0.343575
0.343487
0.343402
0.343314
0.343233
0.343154
0.343109
0.343066
0.34307
0.343128
0.343214
0.343484
0.343839
0.344307
0.345167
0.346165
0.347757
0.35
0.352625
0.357369
0.360177
0.367723
0.376363
0.345417
0.345417
0.345417
0.345417
0.345417
0.337202
0.338578
0.339511
0.340278
0.340827
0.34124
0.341574
0.341821
0.342047
0.342226
0.342377
0.342516
0.342647
0.34276
0.342854
0.342941
0.343025
0.34311
0.343177
0.343249
0.343331
0.343409
0.343489
0.343565
0.343655
0.34375
0.343849
0.343961
0.344074
0.344198
0.344331
0.344456
0.344611
0.344728
0.344898
0.345005
0.345206
0.343005
0.343001
0.34301
0.343027
0.343064
0.343108
0.343149
0.343168
0.343131
0.343051
0.342922
0.342536
0.342036
0.341429
0.340666
0.339967
0.339164
0.342979
0.342834
0.342642
0.342537
0.342431
0.342468
0.342444
0.34246
0.343041
0.342965
0.342907
0.342799
0.342746
0.342734
0.342701
0.342723
0.342993
0.342905
0.342915
0.342831
0.342826
0.342899
0.342799
0.342919
0.342954
0.342857
0.343078
0.343008
0.342966
0.343032
0.343103
0.343052
0.343056
0.3426
0.342929
0.342861
0.342579
0.342709
0.342618
0.342604
0.340624
0.341089
0.34147
0.341672
0.341907
0.342123
0.342289
0.342316
0.342153
0.341946
0.341729
0.342303
0.342103
0.341819
0.341512
0.341178
0.342556
0.342326
0.342593
0.342805
0.342429
0.342183
0.341719
0.34145
0.34112
0.340647
0.34001
0.342144
0.341954
0.342314
0.354597
0.351385
0.348638
0.345943
0.343424
0.341183
0.339972
0.339148
0.339074
0.341283
0.34281
0.343257
0.34395
0.344054
0.344014
0.345468
0.3457
0.345357
0.344554
0.344345
0.344738
0.344628
0.344072
0.342371
0.348526
0.349174
0.346927
0.346872
0.346776
0.351147
0.34356
0.343656
0.343377
0.343277
0.342446
0.341665
0.340528
0.340094
0.343312
0.341085
0.343224
0.341868
0.342564
0.343031
0.362699
0.358356
0.354531
0.350249
0.346634
0.342559
0.340407
0.338107
0.336531
0.336038
0.336458
0.337989
0.337973
0.338044
0.338582
0.339772
0.340892
0.34461
0.348261
0.352015
0.355438
0.358434
0.370728
0.357608
0.363901
0.351916
0.343949
0.343929
0.343884
0.343854
0.34381
0.343769
0.344791
0.34463
0.344452
0.34429
0.344105
0.344597
0.344568
0.344513
0.344941
0.344768
0.344923
0.344867
0.344829
0.344788
0.345288
0.345084
0.345293
0.345083
0.344973
0.345103
0.345051
0.34496
0.345287
0.345284
0.345086
0.34527
0.344949
0.344702
0.344723
0.344654
0.344372
0.344424
0.344238
0.344489
0.344352
0.344231
0.344126
0.344027
0.343984
0.344017
0.344019
0.344072
0.343943
0.343906
0.34387
0.343976
0.344313
0.34415
0.344161
0.34465
0.344515
0.344389
0.344268
0.344156
0.344048
0.343762
0.343644
0.343539
0.34341
0.343291
0.343186
0.34309
0.34362
0.343569
0.343532
0.343496
0.343672
0.343767
0.343709
0.343834
0.343855
0.343736
0.343796
0.343582
0.343672
0.343719
0.343627
0.34336
0.343326
0.343327
0.343478
0.343412
0.343425
0.343168
0.343243
0.343264
0.34333
0.343305
0.343272
0.343245
0.343209
0.343458
0.343473
0.3435
0.343364
0.343388
0.343415
0.343337
0.343556
0.343674
0.343586
0.343101
0.343108
0.343137
0.343183
0.343226
0.343247
0.777563
0.602027
0.777469
0.77203
0.76625
0.654431
0.572695
0.409715
0.41746
0.423771
0.429975
0.435603
0.440753
0.445586
0.450065
0.454369
0.458556
0.462683
0.466697
0.470635
0.47444
0.478157
0.481705
0.485185
0.488598
0.49195
0.4952
0.498364
0.501457
0.504481
0.50739
0.510268
0.513106
0.515933
0.518741
0.521541
0.524358
0.527216
0.530104
0.532939
0.534618
0.536764
0.539405
0.541915
0.544355
0.546755
0.549141
0.551534
0.553953
0.556404
0.558879
0.561349
0.563805
0.566235
0.56865
0.571046
0.573418
0.575738
0.577975
0.580109
0.582147
0.58411
0.586014
0.587864
0.589665
0.591433
0.593167
0.594958
0.596724
0.598905
0.60054
0.630859
0.680372
0.719904
0.74412
0.757911
0.765012
0.767624
0.768225
0.768182
0.768343
0.768604
0.768918
0.769269
0.769607
0.769938
0.770241
0.770514
0.770744
0.770917
0.771028
0.77108
0.771094
0.771113
0.771166
0.771234
0.771294
0.771332
0.771351
0.771368
0.771414
0.771491
0.7716
0.771737
0.771892
0.77204
0.772175
0.772296
0.772407
0.772528
0.772676
0.772854
0.773049
0.773254
0.773459
0.773667
0.773884
0.774107
0.774329
0.774547
0.774696
0.774859
0.775044
0.775228
0.775398
0.775545
0.775674
0.775782
0.775879
0.775973
0.776069
0.776178
0.776309
0.776481
0.77673
0.777096
0.7774
0.777674
0.777851
0.777968
0.77795
0.777864
0.7724
0.772182
0.771657
0.770543
0.768319
0.764086
0.756752
0.744803
0.726142
0.697237
0.653417
0.596912
0.542309
0.494021
0.559863
0.623781
0.673157
0.706421
0.727742
0.742991
0.754531
0.76278
0.768266
0.77154
0.773491
0.774547
0.775081
0.775284
0.77531
0.77396
0.773889
0.773462
0.772472
0.770643
0.767345
0.761658
0.752746
0.739548
0.720064
0.689673
0.643856
0.583061
0.520702
0.752938
0.753016
0.753086
0.753238
0.753508
0.753944
0.762049
0.76778
0.771163
0.773131
0.774084
0.774467
0.774736
0.774771
0.774426
0.774378
0.773967
0.773066
0.771197
0.767757
0.761969
0.761993
0.774621
0.767761
0.77455
0.771228
0.774186
0.773374
0.772791
0.774137
0.773735
0.774193
0.767605
0.770963
0.761874
0.774385
0.773203
0.767877
0.768047
0.773328
0.771229
0.771367
0.7622
0.762436
0.775116
0.774927
0.774718
0.774229
0.774919
0.775136
0.774956
0.513778
0.573072
0.630587
0.665489
0.699566
0.725818
0.740851
0.720919
0.688973
0.641873
0.58115
0.741834
0.722986
0.687292
0.639184
0.578091
0.517595
0.720208
0.720298
0.720436
0.740166
0.739934
0.739808
0.73972
0.689444
0.689654
0.643199
0.50525
0.562964
0.622623
0.671485
0.623153
0.566938
0.509442
0.704112
0.668936
0.498993
0.560496
0.561276
0.501788
0.623189
0.496476
0.773103
0.772956
0.77246
0.771345
0.769241
0.765408
0.758978
0.749362
0.736104
0.717147
0.687881
0.644093
0.587109
0.5301
0.525747
0.585477
0.644352
0.689234
0.7193
0.738655
0.751743
0.760633
0.766411
0.769899
0.771869
0.772927
0.7734
0.773514
0.773305
0.773172
0.77268
0.771593
0.769556
0.765904
0.759877
0.750779
0.737658
0.718424
0.688704
0.644309
0.586357
0.527967
0.523368
0.584434
0.644229
0.689546
0.719783
0.739247
0.752402
0.761251
0.766907
0.770266
0.772164
0.773192
0.773642
0.773732
0.772723
0.772567
0.77206
0.770896
0.768692
0.764589
0.757504
0.745888
0.725716
0.691276
0.646744
0.59102
0.536709
0.644478
0.687084
0.715298
0.733284
0.747386
0.758163
0.764965
0.768953
0.771114
0.772257
0.772757
0.772909
0.712955
0.686998
0.534321
0.587896
0.589042
0.64396
0.532172
0.757069
0.770699
0.772383
0.771873
0.772552
0.768468
0.76429
0.650646
0.726385
0.696232
0.745257
0.539426
0.59391
0.778021
0.777969
0.777731
0.777247
0.776476
0.775177
0.773121
0.769648
0.764141
0.756069
0.745005
0.73019
0.709116
0.674854
0.624203
0.778066
0.778162
0.778019
0.77763
0.776979
0.775816
0.773894
0.770426
0.764683
0.756252
0.74508
0.730358
0.709745
0.675506
0.624434
0.558522
0.491566
0.756331
0.744187
0.730308
0.716594
0.682721
0.647807
0.55877
0.471684
0.755971
0.761486
0.766801
0.768257
0.777198
0.776378
0.774934
0.77214
0.774982
0.777741
0.777451
0.776536
0.777941
0.778024
0.777747
0.77725
0.778086
0.776124
0.774298
0.771031
0.765173
0.77464
0.772048
0.771697
0.766644
0.768189
0.761725
0.750148
0.756322
0.735184
0.742162
0.749111
0.723558
0.705805
0.714561
0.68507
0.692445
0.631277
0.543016
0.731867
0.739784
0.710291
0.676648
0.626252
0.55807
0.480723
0.628806
0.680702
0.730176
0.710725
0.678334
0.712397
0.744982
0.730701
0.562955
0.559825
0.479137
0.476353
0.633076
0.486673
0.557461
0.62516
0.676019
0.624654
0.55789
0.489077
0.48446
0.482464
0.55748
0.764384
0.777482
0.773502
0.775518
0.776752
0.769991
0.778128
0.777915
0.778093
0.709423
0.745045
0.730312
0.756176
0.624394
0.675245
0.559256
0.774705
0.774867
0.775027
0.775191
0.775369
0.775561
0.775768
0.775998
0.776287
0.776659
0.776969
0.776099
0.776218
0.776159
0.77609
0.775971
0.775852
0.77573
0.775593
0.775449
0.775245
0.775392
0.77553
0.77566
0.775795
0.775941
0.776051
0.77595
0.775848
0.775736
0.775611
0.775472
0.777183
0.777159
0.776968
0.776794
0.776541
0.776361
0.776502
0.776844
0.776288
0.776444
0.77664
0.776283
0.777604
0.777464
0.777756
0.777849
0.777479
0.777311
0.774027
0.772292
0.769268
0.764182
0.756199
0.744994
0.730089
0.764103
0.769403
0.772289
0.773649
0.774804
0.756214
0.764495
0.770349
0.773088
0.774504
0.769779
0.756369
0.764597
0.745098
0.774255
0.772617
0.772757
0.774443
0.775418
0.772412
0.774113
0.775117
0.769355
0.775809
0.774843
0.776164
0.755155
0.75577
0.768543
0.768883
0.773836
0.773653
0.771753
0.771994
0.763207
0.763693
0.729715
0.728986
0.707876
0.674251
0.708676
0.743934
0.744626
0.770873
0.770063
0.768226
0.764634
0.758054
0.746079
0.724814
0.689967
0.640859
0.588753
0.745597
0.745116
0.744406
0.743192
0.741744
0.740966
0.740858
0.741055
0.741366
0.741777
0.742272
0.742811
0.743289
0.743648
0.743989
0.74437
0.754338
0.762312
0.767022
0.769709
0.771077
0.771682
0.757472
0.764582
0.768556
0.770498
0.771225
0.771117
0.770304
0.768405
0.764656
0.768463
0.768511
0.771161
0.770379
0.770435
0.771189
0.757873
0.757699
0.764654
0.764639
0.770993
0.770154
0.770236
0.771059
0.768334
0.77092
0.771395
0.770727
0.769135
0.765953
0.761194
0.755521
0.754271
0.761785
0.766603
0.769446
0.770897
0.77153
0.771291
0.756944
0.770579
0.764281
0.768769
0.756689
0.764558
0.76865
0.770727
0.771639
0.771995
0.756203
0.76387
0.767981
0.770203
0.771257
0.754976
0.763127
0.767678
0.769956
0.767369
0.762739
0.754602
0.763491
0.755355
0.755772
0.756559
0.764258
0.768294
0.770461
0.771447
0.771842
0.756573
0.764077
0.768369
0.770471
0.771353
0.772002
0.772268
0.756599
0.772137
0.764409
0.771822
0.769088
0.771024
0.572463
0.627913
0.680918
0.719018
0.7179
0.682009
0.632666
0.581661
0.631135
0.629978
0.629116
0.628455
0.680688
0.717798
0.681188
0.680789
0.717682
0.718477
0.718074
0.680708
0.577529
0.575725
0.574056
0.579497
0.688437
0.686814
0.685038
0.683321
0.721507
0.722832
0.723862
0.718619
0.719937
0.636645
0.586355
0.583967
0.634533
0.638774
0.724333
0.692148
0.64404
0.594634
0.558796
0.550611
0.599479
0.653439
0.696895
0.650648
0.597761
0.552583
0.725468
0.695341
0.599019
0.599872
0.547273
0.54502
0.549064
0.654239
0.72105
0.682414
0.626562
0.568789
0.722701
0.565823
0.686688
0.624434
0.627351
0.681338
0.719787
0.57078
0.611707
0.656847
0.700182
0.731157
0.749832
0.760501
0.766438
0.769343
0.770551
0.616841
0.658857
0.699858
0.729689
0.748178
0.758909
0.764984
0.768067
0.769453
0.618439
0.659696
0.700255
0.729481
0.747662
0.758374
0.764542
0.767679
0.769111
0.768749
0.767281
0.768403
0.621079
0.659811
0.701169
0.729842
0.747071
0.757717
0.764013
0.76684
0.768073
0.763427
0.766473
0.767841
0.756615
0.762626
0.766203
0.767746
0.754192
0.749443
0.746466
0.734064
0.725778
0.697657
0.658201
0.762235
0.766384
0.614124
0.657626
0.699891
0.730435
0.749059
0.759763
0.765755
0.768757
0.770072
0.748634
0.615407
0.699799
0.658141
0.730057
0.768423
0.765385
0.759359
0.769776
0.74945
0.657214
0.700026
0.730798
0.612892
0.769063
0.766103
0.760138
0.770334
0.769595
0.767134
0.761862
0.751935
0.732662
0.698948
0.650738
0.598825
0.770809
0.769915
0.767754
0.763653
0.75867
0.748275
0.727755
0.693707
0.645338
0.593632
0.591161
0.643004
0.691636
0.726005
0.746805
0.758293
0.764454
0.767985
0.76998
0.770848
0.770713
0.769796
0.767466
0.762551
0.75279
0.730719
0.69635
0.648014
0.596204
0.700312
0.700639
0.700603
0.700479
0.700334
0.655719
0.606727
0.603471
0.654415
0.655209
0.605245
0.653003
0.601322
0.609307
0.656127
0.656491
0.610515
0.608058
0.731859
0.750656
0.761325
0.766781
0.760883
0.750223
0.731507
0.75121
0.732246
0.732613
